260.000000000 435.459808350
259.000000000 435.459808350
258.000000000 435.459808350
257.000000000 435.459808350
256.000000000 435.459808350
255.000000000 435.459808350
254.000000000 435.459808350
253.000000000 435.459808350
252.000000000 435.459808350
251.000000000 435.459808350
250.000000000 435.459808350
249.000000000 435.459808350
248.000000000 435.459808350
247.000000000 456.486846924
246.000000000 456.486846924
245.000000000 456.486846924
244.000000000 456.486846924
243.000000000 456.486846924
242.000000000 456.486846924
241.000000000 456.486846924
240.000000000 456.486846924
239.000000000 456.486846924
238.000000000 456.486846924
237.000000000 456.486846924
236.000000000 456.486846924
235.000000000 456.486846924
234.000000000 480.432067871
233.000000000 480.432067871
232.000000000 480.432067871
231.000000000 480.432067871
230.000000000 480.432067871
229.000000000 480.432067871
228.000000000 480.432067871
227.000000000 480.432067871
226.000000000 480.432067871
225.000000000 480.432067871
224.000000000 480.432067871
223.000000000 480.432067871
222.000000000 480.432067871
221.000000000 504.520660400
220.000000000 504.520660400
219.000000000 504.520660400
218.000000000 504.520660400
217.000000000 504.520660400
216.000000000 504.520660400
215.000000000 504.520660400
214.000000000 504.520660400
213.000000000 504.520660400
212.000000000 504.520660400
211.000000000 504.520660400
210.000000000 533.258483887
209.000000000 533.258483887
208.000000000 533.258483887
207.000000000 533.258483887
206.000000000 533.258483887
205.000000000 533.258483887
204.000000000 560.433227539
203.000000000 560.433227539
202.000000000 560.433227539
201.000000000 560.433227539
200.000000000 560.433227539
199.000000000 560.433227539
198.000000000 560.433227539
197.000000000 560.433227539
196.000000000 560.433227539
195.000000000 560.433227539
194.000000000 560.433227539
193.000000000 560.433227539
192.000000000 560.433227539
191.000000000 560.433227539
190.000000000 560.433227539
189.000000000 560.433227539
188.000000000 560.433227539
187.000000000 541.432556152
186.000000000 541.432556152
185.000000000 541.432556152
184.000000000 541.432556152
183.000000000 541.432556152
182.000000000 541.432556152
181.000000000 541.432556152
180.000000000 541.432556152
