260.000000000 406.693511963
259.000000000 406.693511963
258.000000000 406.693511963
257.000000000 406.693511963
256.000000000 406.693511963
255.000000000 406.693511963
254.000000000 406.693511963
253.000000000 406.693511963
252.000000000 406.693511963
251.000000000 406.693511963
250.000000000 406.693511963
249.000000000 406.693511963
248.000000000 406.693511963
247.000000000 406.693511963
246.000000000 406.693511963
245.000000000 406.693511963
244.000000000 406.693511963
243.000000000 406.693511963
242.000000000 406.693511963
241.000000000 426.099060059
240.000000000 426.099060059
239.000000000 426.099060059
238.000000000 426.099060059
237.000000000 426.099060059
236.000000000 426.099060059
235.000000000 426.099060059
234.000000000 426.099060059
233.000000000 426.099060059
232.000000000 426.099060059
231.000000000 426.099060059
230.000000000 426.099060059
229.000000000 426.099060059
228.000000000 426.099060059
227.000000000 446.847930908
226.000000000 446.847930908
225.000000000 446.847930908
224.000000000 446.847930908
223.000000000 446.847930908
222.000000000 446.847930908
221.000000000 446.847930908
220.000000000 446.847930908
219.000000000 446.847930908
218.000000000 446.847930908
217.000000000 446.847930908
216.000000000 468.444763184
215.000000000 468.444763184
214.000000000 468.444763184
213.000000000 468.444763184
212.000000000 468.444763184
211.000000000 468.444763184
210.000000000 468.444763184
209.000000000 468.444763184
208.000000000 468.444763184
207.000000000 468.444763184
206.000000000 491.517425537
205.000000000 491.517425537
204.000000000 491.517425537
203.000000000 491.517425537
202.000000000 491.517425537
201.000000000 491.517425537
200.000000000 491.517425537
199.000000000 491.517425537
198.000000000 491.517425537
197.000000000 491.517425537
196.000000000 491.517425537
195.000000000 491.517425537
194.000000000 491.517425537
193.000000000 491.517425537
192.000000000 491.517425537
191.000000000 491.517425537
190.000000000 491.517425537
189.000000000 491.517425537
188.000000000 491.517425537
187.000000000 491.517425537
186.000000000 491.517425537
185.000000000 491.517425537
184.000000000 491.517425537
183.000000000 516.965454102
182.000000000 516.965454102
181.000000000 516.965454102
180.000000000 516.965454102
