260.000000000 409.711761475
259.000000000 409.711761475
258.000000000 409.711761475
257.000000000 409.711761475
256.000000000 409.711761475
255.000000000 409.711761475
254.000000000 409.711761475
253.000000000 409.711761475
252.000000000 409.711761475
251.000000000 409.711761475
250.000000000 409.711761475
249.000000000 409.711761475
248.000000000 409.711761475
247.000000000 409.711761475
246.000000000 409.711761475
245.000000000 409.711761475
244.000000000 409.711761475
243.000000000 409.711761475
242.000000000 429.955749512
241.000000000 429.955749512
240.000000000 429.955749512
239.000000000 429.955749512
238.000000000 429.955749512
237.000000000 429.955749512
236.000000000 429.955749512
235.000000000 429.955749512
234.000000000 429.955749512
233.000000000 429.955749512
232.000000000 429.955749512
231.000000000 452.014495850
230.000000000 452.014495850
229.000000000 452.014495850
228.000000000 452.014495850
227.000000000 452.014495850
226.000000000 452.014495850
225.000000000 452.014495850
224.000000000 452.014495850
223.000000000 452.014495850
222.000000000 475.649688721
221.000000000 475.649688721
220.000000000 475.649688721
219.000000000 475.649688721
218.000000000 475.649688721
217.000000000 475.649688721
216.000000000 475.649688721
215.000000000 498.878784180
214.000000000 498.878784180
213.000000000 498.878784180
212.000000000 498.878784180
211.000000000 498.878784180
210.000000000 498.878784180
209.000000000 526.131774902
208.000000000 526.131774902
207.000000000 526.131774902
206.000000000 526.131774902
205.000000000 550.828979492
204.000000000 550.828979492
203.000000000 550.828979492
202.000000000 550.828979492
201.000000000 584.711242676
200.000000000 584.711242676
199.000000000 584.711242676
198.000000000 584.711242676
197.000000000 622.099670410
196.000000000 622.099670410
195.000000000 622.099670410
194.000000000 654.598388672
193.000000000 654.598388672
192.000000000 654.598388672
191.000000000 654.598388672
190.000000000 654.598388672
189.000000000 654.598388672
188.000000000 654.598388672
187.000000000 654.598388672
186.000000000 654.598388672
185.000000000 654.598388672
184.000000000 654.598388672
183.000000000 654.598388672
182.000000000 689.979187012
181.000000000 689.979187012
180.000000000 689.979187012
