260.000000000 500.262176514
259.000000000 500.262176514
258.000000000 500.262176514
257.000000000 500.262176514
256.000000000 500.262176514
255.000000000 500.262176514
254.000000000 500.262176514
253.000000000 500.262176514
252.000000000 500.262176514
251.000000000 500.262176514
250.000000000 500.262176514
249.000000000 500.262176514
248.000000000 527.660766602
247.000000000 527.660766602
246.000000000 527.660766602
245.000000000 527.660766602
244.000000000 527.660766602
243.000000000 527.660766602
242.000000000 527.660766602
241.000000000 527.660766602
240.000000000 527.660766602
239.000000000 527.660766602
238.000000000 527.660766602
237.000000000 527.660766602
236.000000000 555.222229004
235.000000000 555.222229004
234.000000000 555.222229004
233.000000000 555.222229004
232.000000000 555.222229004
231.000000000 555.222229004
230.000000000 555.222229004
229.000000000 555.222229004
228.000000000 582.998352051
227.000000000 582.998352051
226.000000000 582.998352051
225.000000000 582.998352051
224.000000000 582.998352051
223.000000000 582.998352051
222.000000000 582.998352051
221.000000000 611.776428223
220.000000000 611.776428223
219.000000000 611.776428223
218.000000000 611.776428223
217.000000000 611.776428223
216.000000000 611.776428223
215.000000000 611.776428223
214.000000000 645.293945312
213.000000000 645.293945312
212.000000000 645.293945312
211.000000000 645.293945312
210.000000000 645.293945312
209.000000000 683.862243652
208.000000000 683.862243652
207.000000000 683.862243652
206.000000000 718.581420898
205.000000000 718.581420898
204.000000000 718.581420898
203.000000000 718.581420898
202.000000000 757.235961914
201.000000000 757.235961914
200.000000000 757.235961914
199.000000000 757.235961914
198.000000000 757.235961914
197.000000000 796.186340332
196.000000000 796.186340332
195.000000000 796.186340332
194.000000000 796.186340332
193.000000000 796.186340332
192.000000000 844.379760742
191.000000000 844.379760742
190.000000000 844.379760742
189.000000000 844.379760742
188.000000000 844.379760742
187.000000000 844.379760742
186.000000000 844.379760742
185.000000000 844.379760742
184.000000000 844.379760742
183.000000000 844.379760742
182.000000000 855.915954590
181.000000000 855.915954590
180.000000000 855.915954590
