260.000000000 500.262176514
259.000000000 500.262176514
258.000000000 500.262176514
257.000000000 500.262176514
256.000000000 500.262176514
255.000000000 500.262176514
254.000000000 500.262176514
253.000000000 500.262176514
252.000000000 500.262176514
251.000000000 500.262176514
250.000000000 500.262176514
249.000000000 500.262176514
248.000000000 526.283508301
247.000000000 526.283508301
246.000000000 526.283508301
245.000000000 526.283508301
244.000000000 526.283508301
243.000000000 526.283508301
242.000000000 526.283508301
241.000000000 526.283508301
240.000000000 526.283508301
239.000000000 526.283508301
238.000000000 526.283508301
237.000000000 553.260131836
236.000000000 553.260131836
235.000000000 553.260131836
234.000000000 553.260131836
233.000000000 553.260131836
232.000000000 553.260131836
231.000000000 553.260131836
230.000000000 553.260131836
229.000000000 580.282897949
228.000000000 580.282897949
227.000000000 580.282897949
226.000000000 580.282897949
225.000000000 580.282897949
224.000000000 580.282897949
223.000000000 580.282897949
222.000000000 580.282897949
221.000000000 610.515075684
220.000000000 610.515075684
219.000000000 610.515075684
218.000000000 610.515075684
217.000000000 610.515075684
216.000000000 610.515075684
215.000000000 640.879272461
214.000000000 640.879272461
213.000000000 640.879272461
212.000000000 640.879272461
211.000000000 640.879272461
210.000000000 675.472229004
209.000000000 675.472229004
208.000000000 675.472229004
207.000000000 675.472229004
206.000000000 713.221862793
205.000000000 713.221862793
204.000000000 713.221862793
203.000000000 749.989990234
202.000000000 749.989990234
201.000000000 749.989990234
200.000000000 749.989990234
199.000000000 787.265991211
198.000000000 787.265991211
197.000000000 787.265991211
196.000000000 787.265991211
195.000000000 787.265991211
194.000000000 787.265991211
193.000000000 837.852722168
192.000000000 837.852722168
191.000000000 837.852722168
190.000000000 837.852722168
189.000000000 837.852722168
188.000000000 837.852722168
187.000000000 837.852722168
186.000000000 837.852722168
185.000000000 837.852722168
184.000000000 837.852722168
183.000000000 849.831481934
182.000000000 895.757751465
181.000000000 895.757751465
180.000000000 895.757751465
