260.000000000 409.711761475
259.000000000 409.711761475
258.000000000 409.711761475
257.000000000 409.711761475
256.000000000 409.711761475
255.000000000 409.711761475
254.000000000 409.711761475
253.000000000 409.711761475
252.000000000 409.711761475
251.000000000 409.711761475
250.000000000 409.711761475
249.000000000 409.711761475
248.000000000 409.711761475
247.000000000 409.711761475
246.000000000 409.711761475
245.000000000 409.711761475
244.000000000 409.711761475
243.000000000 429.009246826
242.000000000 429.009246826
241.000000000 429.009246826
240.000000000 429.009246826
239.000000000 429.009246826
238.000000000 429.009246826
237.000000000 429.009246826
236.000000000 429.009246826
235.000000000 429.009246826
234.000000000 429.009246826
233.000000000 429.009246826
232.000000000 449.426086426
231.000000000 449.426086426
230.000000000 449.426086426
229.000000000 449.426086426
228.000000000 449.426086426
227.000000000 449.426086426
226.000000000 449.426086426
225.000000000 449.426086426
224.000000000 449.426086426
223.000000000 472.004547119
222.000000000 472.004547119
221.000000000 472.004547119
220.000000000 472.004547119
219.000000000 472.004547119
218.000000000 472.004547119
217.000000000 472.004547119
216.000000000 494.431091309
215.000000000 494.431091309
214.000000000 494.431091309
213.000000000 494.431091309
212.000000000 494.431091309
211.000000000 494.431091309
210.000000000 520.797973633
209.000000000 520.797973633
208.000000000 520.797973633
207.000000000 520.797973633
206.000000000 546.301818848
205.000000000 546.301818848
204.000000000 546.301818848
203.000000000 546.301818848
202.000000000 573.662841797
201.000000000 573.662841797
200.000000000 573.662841797
199.000000000 600.538879395
198.000000000 600.538879395
197.000000000 600.538879395
196.000000000 639.508483887
195.000000000 639.508483887
194.000000000 639.508483887
193.000000000 639.508483887
192.000000000 639.508483887
191.000000000 672.783935547
190.000000000 672.783935547
189.000000000 672.783935547
188.000000000 672.783935547
187.000000000 672.783935547
186.000000000 672.783935547
185.000000000 672.783935547
184.000000000 672.783935547
183.000000000 672.783935547
182.000000000 672.783935547
181.000000000 672.783935547
180.000000000 705.078430176
