260.000000000 500.262176514
259.000000000 500.262176514
258.000000000 500.262176514
257.000000000 500.262176514
256.000000000 500.262176514
255.000000000 500.262176514
254.000000000 500.262176514
253.000000000 500.262176514
252.000000000 500.262176514
251.000000000 500.262176514
250.000000000 500.262176514
249.000000000 524.594238281
248.000000000 524.594238281
247.000000000 524.594238281
246.000000000 524.594238281
245.000000000 524.594238281
244.000000000 524.594238281
243.000000000 524.594238281
242.000000000 524.594238281
241.000000000 524.594238281
240.000000000 524.594238281
239.000000000 524.594238281
238.000000000 551.068725586
237.000000000 551.068725586
236.000000000 551.068725586
235.000000000 551.068725586
234.000000000 551.068725586
233.000000000 551.068725586
232.000000000 551.068725586
231.000000000 551.068725586
230.000000000 551.068725586
229.000000000 579.996948242
228.000000000 579.996948242
227.000000000 579.996948242
226.000000000 579.996948242
225.000000000 579.996948242
224.000000000 579.996948242
223.000000000 579.996948242
222.000000000 579.996948242
221.000000000 612.115356445
220.000000000 612.115356445
219.000000000 612.115356445
218.000000000 612.115356445
217.000000000 612.115356445
216.000000000 612.115356445
215.000000000 641.733764648
214.000000000 641.733764648
213.000000000 641.733764648
212.000000000 641.733764648
211.000000000 641.733764648
210.000000000 673.763610840
209.000000000 673.763610840
208.000000000 673.763610840
207.000000000 673.763610840
206.000000000 718.361572266
205.000000000 718.361572266
204.000000000 718.361572266
203.000000000 718.361572266
202.000000000 757.443908691
201.000000000 757.443908691
200.000000000 757.443908691
199.000000000 757.443908691
198.000000000 799.213073730
197.000000000 799.213073730
196.000000000 799.213073730
195.000000000 799.213073730
194.000000000 799.213073730
193.000000000 799.213073730
192.000000000 799.213073730
191.000000000 845.011047363
190.000000000 845.011047363
189.000000000 845.011047363
188.000000000 845.011047363
187.000000000 845.011047363
186.000000000 845.011047363
185.000000000 845.011047363
184.000000000 845.011047363
183.000000000 845.011047363
182.000000000 845.011047363
181.000000000 845.011047363
180.000000000 915.839294434
