260.000000000 409.711761475
259.000000000 409.711761475
258.000000000 409.711761475
257.000000000 409.711761475
256.000000000 409.711761475
255.000000000 409.711761475
254.000000000 409.711761475
253.000000000 409.711761475
252.000000000 409.711761475
251.000000000 409.711761475
250.000000000 409.711761475
249.000000000 409.711761475
248.000000000 409.711761475
247.000000000 409.711761475
246.000000000 409.711761475
245.000000000 409.711761475
244.000000000 409.711761475
243.000000000 409.711761475
242.000000000 429.842224121
241.000000000 429.842224121
240.000000000 429.842224121
239.000000000 429.842224121
238.000000000 429.842224121
237.000000000 429.842224121
236.000000000 429.842224121
235.000000000 429.842224121
234.000000000 429.842224121
233.000000000 429.842224121
232.000000000 429.842224121
231.000000000 451.411071777
230.000000000 451.411071777
229.000000000 451.411071777
228.000000000 451.411071777
227.000000000 451.411071777
226.000000000 451.411071777
225.000000000 451.411071777
224.000000000 451.411071777
223.000000000 451.411071777
222.000000000 475.176940918
221.000000000 475.176940918
220.000000000 475.176940918
219.000000000 475.176940918
218.000000000 475.176940918
217.000000000 475.176940918
216.000000000 475.176940918
215.000000000 498.967407227
214.000000000 498.967407227
213.000000000 498.967407227
212.000000000 498.967407227
211.000000000 498.967407227
210.000000000 498.967407227
209.000000000 525.446960449
208.000000000 525.446960449
207.000000000 525.446960449
206.000000000 525.446960449
205.000000000 553.936035156
204.000000000 553.936035156
203.000000000 553.936035156
202.000000000 553.936035156
201.000000000 584.697570801
200.000000000 584.697570801
199.000000000 584.697570801
198.000000000 584.697570801
197.000000000 621.763183594
196.000000000 621.763183594
195.000000000 621.763183594
194.000000000 621.763183594
193.000000000 663.484497070
192.000000000 663.484497070
191.000000000 663.484497070
190.000000000 663.484497070
189.000000000 663.484497070
188.000000000 663.484497070
187.000000000 663.484497070
186.000000000 663.484497070
185.000000000 663.484497070
184.000000000 663.484497070
183.000000000 703.894958496
182.000000000 703.894958496
181.000000000 703.894958496
180.000000000 703.894958496
