260.000000000 0.267035507
259.000000000 0.250571063
258.000000000 0.389482046
257.000000000 0.880167960
256.000000000 -0.503778592
255.000000000 -0.016767795
254.000000000 -0.543582120
253.000000000 0.275529554
252.000000000 -0.838214447
251.000000000 0.099071485
250.000000000 0.049579663
249.000000000 -0.447275175
248.000000000 -0.388226935
247.000000000 -0.644921739
246.000000000 -0.567236161
245.000000000 -0.689999384
244.000000000 0.394145671
243.000000000 -0.647734178
242.000000000 -1.563063830
241.000000000 -1.371342787
240.000000000 -1.957201666
239.000000000 -2.777717153
238.000000000 -4.605404578
237.000000000 -2.931909195
236.000000000 -3.930219214
235.000000000 -6.837191760
234.000000000 -7.370136762
233.000000000 -10.200140349
232.000000000 -12.909872599
231.000000000 -14.107228300
230.000000000 -16.086449681
229.000000000 -18.775212091
228.000000000 -19.514015629
227.000000000 -21.923955345
226.000000000 -23.270362880
225.000000000 -24.554155248
224.000000000 -25.938448980
223.000000000 -27.313794519
222.000000000 -28.807645598
221.000000000 -28.959559966
220.000000000 -28.453924767
219.000000000 -29.260906607
218.000000000 -27.609633077
217.000000000 -26.758253927
216.000000000 -28.131792541
215.000000000 -27.699368648
214.000000000 -28.005707837
213.000000000 -28.274768237
212.000000000 -30.560388056
211.000000000 -27.268273547
210.000000000 -28.792548571
209.000000000 -29.218304448
208.000000000 -30.924296120
207.000000000 -27.960172807
206.000000000 -28.048021005
205.000000000 -26.981872308
204.000000000 -22.983803666
203.000000000 -19.079463996
202.000000000 -14.843648322
201.000000000 -7.520707842
200.000000000 -1.462119576
199.000000000 0.533682430
198.000000000 11.277939631
197.000000000 17.390826881
196.000000000 25.956381106
195.000000000 30.936165568
194.000000000 23.453569727
193.000000000 37.397428464
192.000000000 29.594834778
191.000000000 24.418921892
190.000000000 28.453694039
189.000000000 25.098789501
188.000000000 26.817623628
187.000000000 26.859374488
186.000000000 22.149821092
185.000000000 25.417934595
184.000000000 21.806080560
183.000000000 15.698809578
182.000000000 14.113217431
181.000000000 16.822813602
180.000000000 8.543899721
