260.000000000 0.313264346
259.000000000 -0.287695515
258.000000000 -0.350691494
257.000000000 -0.303440351
256.000000000 0.203733459
255.000000000 -0.033044328
254.000000000 0.234240556
253.000000000 0.510017976
252.000000000 0.328691254
251.000000000 -0.316206611
250.000000000 -0.189315256
249.000000000 -0.467519967
248.000000000 -0.076753690
247.000000000 -0.187542318
246.000000000 -0.453975649
245.000000000 -0.153810734
244.000000000 -0.417270129
243.000000000 -0.802404484
242.000000000 -0.729359378
241.000000000 -1.680402157
240.000000000 -1.712200554
239.000000000 -2.541395393
238.000000000 -3.376528814
237.000000000 -4.688349320
236.000000000 -6.152196755
235.000000000 -7.916277955
234.000000000 -8.028452666
233.000000000 -9.330042908
232.000000000 -11.901788057
231.000000000 -14.095411464
230.000000000 -16.387221047
229.000000000 -19.010514157
228.000000000 -20.896887719
227.000000000 -22.419075189
226.000000000 -22.209960007
225.000000000 -24.288261625
224.000000000 -25.579798598
223.000000000 -27.898644550
222.000000000 -28.494846080
221.000000000 -27.518662361
220.000000000 -29.633134579
219.000000000 -28.674486274
218.000000000 -28.149674470
217.000000000 -28.463419763
216.000000000 -29.690491976
215.000000000 -27.841139956
214.000000000 -27.121062826
213.000000000 -27.944002055
212.000000000 -27.752783441
211.000000000 -27.235520079
210.000000000 -26.926307767
209.000000000 -26.101044263
208.000000000 -29.406172640
207.000000000 -27.129540300
206.000000000 -22.481930619
205.000000000 -24.951408295
204.000000000 -22.247913082
203.000000000 -18.593028804
202.000000000 -13.886964434
201.000000000 -10.617778027
200.000000000 -0.974441183
199.000000000 4.900063394
198.000000000 12.648991299
197.000000000 23.619226800
196.000000000 21.544914890
195.000000000 19.314768137
194.000000000 24.640662275
193.000000000 31.515655968
192.000000000 30.868474877
191.000000000 33.514193339
190.000000000 25.857185085
189.000000000 24.949624614
188.000000000 27.644646943
187.000000000 32.638698739
186.000000000 27.719844168
185.000000000 27.024883981
184.000000000 22.181756356
183.000000000 22.024886194
182.000000000 12.097469890
181.000000000 3.735836222
180.000000000 1.761360608
