260.000000000 -0.319166012
259.000000000 -0.398475796
258.000000000 -1.050249672
257.000000000 0.219854053
256.000000000 -0.305274576
255.000000000 0.250003251
254.000000000 -0.447956059
253.000000000 -0.256702861
252.000000000 0.317443989
251.000000000 -0.288247196
250.000000000 0.144471463
249.000000000 0.190376234
248.000000000 -0.079295912
247.000000000 -0.581974392
246.000000000 -0.565850666
245.000000000 -0.683298661
244.000000000 -0.541832484
243.000000000 -0.748121399
242.000000000 -1.485487761
241.000000000 -2.665831523
240.000000000 -1.496588328
239.000000000 -1.910009551
238.000000000 -4.054578669
237.000000000 -4.143541184
236.000000000 -6.074052436
235.000000000 -6.690775765
234.000000000 -9.292465163
233.000000000 -10.999423019
232.000000000 -11.793869230
231.000000000 -14.784643840
230.000000000 -16.569964102
229.000000000 -16.912850539
228.000000000 -18.276267213
227.000000000 -20.615779028
226.000000000 -23.048171497
225.000000000 -23.407336531
224.000000000 -24.515952649
223.000000000 -25.787166714
222.000000000 -27.435673127
221.000000000 -30.204347728
220.000000000 -28.303988696
219.000000000 -29.401737800
218.000000000 -28.045500162
217.000000000 -27.114532749
216.000000000 -27.779096108
215.000000000 -28.732594233
214.000000000 -25.891989411
213.000000000 -29.146037182
212.000000000 -28.061199941
211.000000000 -24.699434904
210.000000000 -29.235046069
209.000000000 -29.732212411
208.000000000 -29.428990071
207.000000000 -28.175802177
206.000000000 -27.897120952
205.000000000 -25.547387036
204.000000000 -26.469402448
203.000000000 -16.946202489
202.000000000 -15.561807465
201.000000000 -9.605441877
200.000000000 -5.058617955
199.000000000 5.111822072
198.000000000 14.929252905
197.000000000 20.211660810
196.000000000 20.964022595
195.000000000 23.603827612
194.000000000 29.256791953
193.000000000 27.960351377
192.000000000 28.098660156
191.000000000 29.708709341
190.000000000 24.274539205
189.000000000 33.032220653
188.000000000 22.907187316
187.000000000 25.948265051
186.000000000 27.172961448
185.000000000 26.886307362
184.000000000 20.451739993
183.000000000 17.437339449
182.000000000 12.488104473
181.000000000 4.935479020
180.000000000 4.406804809
