260.000000000 409.711761475
259.000000000 409.711761475
258.000000000 409.711761475
257.000000000 409.711761475
256.000000000 409.711761475
255.000000000 409.711761475
254.000000000 409.711761475
253.000000000 409.711761475
252.000000000 409.711761475
251.000000000 409.711761475
250.000000000 409.711761475
249.000000000 409.711761475
248.000000000 409.711761475
247.000000000 409.711761475
246.000000000 409.711761475
245.000000000 409.711761475
244.000000000 409.711761475
243.000000000 430.418487549
242.000000000 430.418487549
241.000000000 430.418487549
240.000000000 430.418487549
239.000000000 430.418487549
238.000000000 430.418487549
237.000000000 430.418487549
236.000000000 430.418487549
235.000000000 430.418487549
234.000000000 430.418487549
233.000000000 430.418487549
232.000000000 450.934448242
231.000000000 450.934448242
230.000000000 450.934448242
229.000000000 450.934448242
228.000000000 450.934448242
227.000000000 450.934448242
226.000000000 450.934448242
225.000000000 450.934448242
224.000000000 450.934448242
223.000000000 474.284423828
222.000000000 474.284423828
221.000000000 474.284423828
220.000000000 474.284423828
219.000000000 474.284423828
218.000000000 474.284423828
217.000000000 474.284423828
216.000000000 497.308502197
215.000000000 497.308502197
214.000000000 497.308502197
213.000000000 497.308502197
212.000000000 497.308502197
211.000000000 497.308502197
210.000000000 522.839416504
209.000000000 522.839416504
208.000000000 522.839416504
207.000000000 522.839416504
206.000000000 547.373596191
205.000000000 547.373596191
204.000000000 547.373596191
203.000000000 547.373596191
202.000000000 575.946411133
201.000000000 575.946411133
200.000000000 575.946411133
199.000000000 575.946411133
198.000000000 615.636352539
197.000000000 615.636352539
196.000000000 615.636352539
195.000000000 650.302062988
194.000000000 650.302062988
193.000000000 650.302062988
192.000000000 650.302062988
191.000000000 650.302062988
190.000000000 650.302062988
189.000000000 650.302062988
188.000000000 650.302062988
187.000000000 687.724731445
186.000000000 687.724731445
185.000000000 687.724731445
184.000000000 687.724731445
183.000000000 687.724731445
182.000000000 687.724731445
181.000000000 687.724731445
180.000000000 705.597656250
