260.000000000 409.711761475
259.000000000 409.711761475
258.000000000 409.711761475
257.000000000 409.711761475
256.000000000 409.711761475
255.000000000 409.711761475
254.000000000 409.711761475
253.000000000 409.711761475
252.000000000 409.711761475
251.000000000 409.711761475
250.000000000 409.711761475
249.000000000 409.711761475
248.000000000 409.711761475
247.000000000 409.711761475
246.000000000 409.711761475
245.000000000 409.711761475
244.000000000 409.711761475
243.000000000 429.393096924
242.000000000 429.393096924
241.000000000 429.393096924
240.000000000 429.393096924
239.000000000 429.393096924
238.000000000 429.393096924
237.000000000 429.393096924
236.000000000 429.393096924
235.000000000 429.393096924
234.000000000 429.393096924
233.000000000 429.393096924
232.000000000 450.047149658
231.000000000 450.047149658
230.000000000 450.047149658
229.000000000 450.047149658
228.000000000 450.047149658
227.000000000 450.047149658
226.000000000 450.047149658
225.000000000 450.047149658
224.000000000 450.047149658
223.000000000 473.275482178
222.000000000 473.275482178
221.000000000 473.275482178
220.000000000 473.275482178
219.000000000 473.275482178
218.000000000 473.275482178
217.000000000 473.275482178
216.000000000 497.215026855
215.000000000 497.215026855
214.000000000 497.215026855
213.000000000 497.215026855
212.000000000 497.215026855
211.000000000 497.215026855
210.000000000 523.456054688
209.000000000 523.456054688
208.000000000 523.456054688
207.000000000 523.456054688
206.000000000 548.714538574
205.000000000 548.714538574
204.000000000 548.714538574
203.000000000 548.714538574
202.000000000 576.449279785
201.000000000 576.449279785
200.000000000 576.449279785
199.000000000 576.449279785
198.000000000 612.546325684
197.000000000 612.546325684
196.000000000 612.546325684
195.000000000 643.397399902
194.000000000 643.397399902
193.000000000 643.397399902
192.000000000 643.397399902
191.000000000 643.397399902
190.000000000 643.397399902
189.000000000 684.439575195
188.000000000 684.439575195
187.000000000 684.439575195
186.000000000 684.439575195
185.000000000 684.439575195
184.000000000 684.439575195
183.000000000 684.439575195
182.000000000 684.439575195
181.000000000 721.197082520
180.000000000 721.197082520
