260.000000000 409.711761475
259.000000000 409.711761475
258.000000000 409.711761475
257.000000000 409.711761475
256.000000000 409.711761475
255.000000000 409.711761475
254.000000000 409.711761475
253.000000000 409.711761475
252.000000000 409.711761475
251.000000000 409.711761475
250.000000000 409.711761475
249.000000000 409.711761475
248.000000000 409.711761475
247.000000000 409.711761475
246.000000000 409.711761475
245.000000000 409.711761475
244.000000000 409.711761475
243.000000000 429.439544678
242.000000000 429.439544678
241.000000000 429.439544678
240.000000000 429.439544678
239.000000000 429.439544678
238.000000000 429.439544678
237.000000000 429.439544678
236.000000000 429.439544678
235.000000000 429.439544678
234.000000000 429.439544678
233.000000000 429.439544678
232.000000000 450.314605713
231.000000000 450.314605713
230.000000000 450.314605713
229.000000000 450.314605713
228.000000000 450.314605713
227.000000000 450.314605713
226.000000000 450.314605713
225.000000000 450.314605713
224.000000000 450.314605713
223.000000000 474.299682617
222.000000000 474.299682617
221.000000000 474.299682617
220.000000000 474.299682617
219.000000000 474.299682617
218.000000000 474.299682617
217.000000000 474.299682617
216.000000000 497.270172119
215.000000000 497.270172119
214.000000000 497.270172119
213.000000000 497.270172119
212.000000000 497.270172119
211.000000000 497.270172119
210.000000000 522.301635742
209.000000000 522.301635742
208.000000000 522.301635742
207.000000000 522.301635742
206.000000000 547.669128418
205.000000000 547.669128418
204.000000000 547.669128418
203.000000000 547.669128418
202.000000000 578.962341309
201.000000000 578.962341309
200.000000000 578.962341309
199.000000000 606.133056641
198.000000000 606.133056641
197.000000000 606.133056641
196.000000000 606.133056641
195.000000000 644.071289062
194.000000000 644.071289062
193.000000000 644.071289062
192.000000000 644.071289062
191.000000000 677.744628906
190.000000000 677.744628906
189.000000000 677.744628906
188.000000000 677.744628906
187.000000000 677.744628906
186.000000000 677.744628906
185.000000000 677.744628906
184.000000000 677.744628906
183.000000000 677.744628906
182.000000000 677.744628906
181.000000000 677.744628906
180.000000000 677.744628906
