260.000000000 -1.734295263
259.000000000 -2.283285097
258.000000000 -2.536636625
257.000000000 -1.641754759
256.000000000 -2.669308992
255.000000000 -2.202586998
254.000000000 -3.147950303
253.000000000 -2.724105094
252.000000000 -2.375496893
251.000000000 -2.636841221
250.000000000 -3.103163935
249.000000000 -2.304386677
248.000000000 -2.599443585
247.000000000 -2.143727133
246.000000000 -2.058901413
245.000000000 -2.791167480
244.000000000 -2.593679402
243.000000000 -3.707459058
242.000000000 -3.417878572
241.000000000 -4.684985889
240.000000000 -5.773822701
239.000000000 -4.915046806
238.000000000 -6.029668089
237.000000000 -8.024037196
236.000000000 -7.415316509
235.000000000 -9.134579906
234.000000000 -10.687555841
233.000000000 -12.315039397
232.000000000 -15.052393183
231.000000000 -16.155115858
230.000000000 -18.054524891
229.000000000 -21.237419818
228.000000000 -21.399011161
227.000000000 -24.266683255
226.000000000 -26.102429489
225.000000000 -27.838253269
224.000000000 -27.606409401
223.000000000 -30.808848868
222.000000000 -30.644085143
221.000000000 -32.979956657
220.000000000 -34.378772681
219.000000000 -32.035728546
218.000000000 -31.976929765
217.000000000 -31.146644382
216.000000000 -32.890315363
215.000000000 -32.241083181
214.000000000 -31.585706837
213.000000000 -32.299934997
212.000000000 -31.230468703
211.000000000 -33.551895011
210.000000000 -30.963487679
209.000000000 -32.757931004
208.000000000 -34.665886880
207.000000000 -32.863285902
206.000000000 -33.084071171
205.000000000 -31.440237766
204.000000000 -27.145866678
203.000000000 -25.499906967
202.000000000 -17.145998933
201.000000000 -14.593601302
200.000000000 -6.122558529
199.000000000 -1.242580812
198.000000000 5.174168993
197.000000000 11.549844353
196.000000000 21.211249819
195.000000000 19.161167059
194.000000000 23.059738532
193.000000000 26.502782303
192.000000000 29.971580937
191.000000000 31.206804105
190.000000000 28.997833254
189.000000000 31.689682008
188.000000000 25.242423925
187.000000000 28.748694920
186.000000000 21.555491233
185.000000000 20.276999567
184.000000000 13.427090369
183.000000000 13.452543572
182.000000000 14.116823814
181.000000000 15.311476293
180.000000000 7.584685964
