260.000000000 -2.477026947
259.000000000 -1.505205787
258.000000000 -1.453093301
257.000000000 -2.397036097
256.000000000 -1.690172655
255.000000000 -2.046510388
254.000000000 -2.018532236
253.000000000 -2.313742994
252.000000000 -1.784624861
251.000000000 -3.061857661
250.000000000 -2.093035897
249.000000000 -2.324008907
248.000000000 -2.182258864
247.000000000 -1.679786474
246.000000000 -2.829471878
245.000000000 -2.004550022
244.000000000 -3.797121803
243.000000000 -2.761185589
242.000000000 -3.202754008
241.000000000 -4.014651373
240.000000000 -4.117355158
239.000000000 -5.690007092
238.000000000 -6.343920888
237.000000000 -7.707110518
236.000000000 -8.117407506
235.000000000 -9.933931153
234.000000000 -10.811180920
233.000000000 -12.885309242
232.000000000 -13.729597777
231.000000000 -16.870876948
230.000000000 -20.070393335
229.000000000 -20.982558863
228.000000000 -22.992317420
227.000000000 -24.777048192
226.000000000 -24.124820033
225.000000000 -27.121670404
224.000000000 -30.287227802
223.000000000 -29.574592933
222.000000000 -30.702479417
221.000000000 -31.847526647
220.000000000 -31.315580561
219.000000000 -32.320190675
218.000000000 -30.028755420
217.000000000 -31.281363281
216.000000000 -31.949115391
215.000000000 -32.399451942
214.000000000 -32.331564267
213.000000000 -32.960349240
212.000000000 -31.238230274
211.000000000 -30.721458774
210.000000000 -32.611934129
209.000000000 -35.606181808
208.000000000 -34.058724168
207.000000000 -33.923096071
206.000000000 -33.246866555
205.000000000 -32.537149025
204.000000000 -30.109023285
203.000000000 -27.620140512
202.000000000 -21.663393917
201.000000000 -14.487862368
200.000000000 -8.067149187
199.000000000 3.020090371
198.000000000 7.740039441
197.000000000 12.433700062
196.000000000 26.045107205
195.000000000 20.487780895
194.000000000 26.774972549
193.000000000 37.377373226
192.000000000 37.856964940
191.000000000 32.940225711
190.000000000 35.552548999
189.000000000 28.067894032
188.000000000 31.713317729
187.000000000 21.731969111
186.000000000 27.040497262
185.000000000 21.719091849
184.000000000 21.720155415
183.000000000 21.892825864
182.000000000 14.373770010
181.000000000 9.986436167
180.000000000 10.403146790
