260.000000000 -2.339623362
259.000000000 -3.878846618
258.000000000 -0.662519389
257.000000000 -2.728846059
256.000000000 -3.293941503
255.000000000 -2.251469576
254.000000000 -2.938807082
253.000000000 -2.930406049
252.000000000 -1.889191651
251.000000000 -2.704935532
250.000000000 -1.577326950
249.000000000 -2.057485484
248.000000000 -1.828687628
247.000000000 -2.915792097
246.000000000 -3.763624962
245.000000000 -1.882178235
244.000000000 -3.570163176
243.000000000 -3.978591854
242.000000000 -3.573718229
241.000000000 -3.899376217
240.000000000 -3.024685046
239.000000000 -4.682406388
238.000000000 -4.974794364
237.000000000 -6.562119451
236.000000000 -8.005497034
235.000000000 -9.238394220
234.000000000 -10.285621377
233.000000000 -13.724300414
232.000000000 -14.567904699
231.000000000 -15.446388082
230.000000000 -17.349798915
229.000000000 -20.515955430
228.000000000 -22.415289652
227.000000000 -24.440166762
226.000000000 -25.996620082
225.000000000 -27.693828433
224.000000000 -29.426973969
223.000000000 -29.571137002
222.000000000 -31.982477546
221.000000000 -31.673204097
220.000000000 -31.798375369
219.000000000 -32.171156960
218.000000000 -31.650448194
217.000000000 -31.732806255
216.000000000 -31.452882316
215.000000000 -31.517394165
214.000000000 -30.436394230
213.000000000 -30.834867781
212.000000000 -32.696119742
211.000000000 -33.933815919
210.000000000 -30.983992505
209.000000000 -33.480172226
208.000000000 -34.705199582
207.000000000 -31.845248236
206.000000000 -32.042693204
205.000000000 -29.779736024
204.000000000 -26.195059864
203.000000000 -25.820265327
202.000000000 -20.109165138
201.000000000 -12.832563394
200.000000000 -8.636994872
199.000000000 -0.010419052
198.000000000 5.925682691
197.000000000 12.382418209
196.000000000 23.363029791
195.000000000 28.144777922
194.000000000 25.357494378
193.000000000 29.546945804
192.000000000 30.415796544
191.000000000 32.481244962
190.000000000 32.607671280
189.000000000 29.713000803
188.000000000 30.961396847
187.000000000 20.586700971
186.000000000 24.692093406
185.000000000 22.223490436
184.000000000 21.822731139
183.000000000 12.848277583
182.000000000 11.788092851
181.000000000 11.646732657
180.000000000 -0.131347932
