260.000000000 461.017730713
259.000000000 461.017730713
258.000000000 461.017730713
257.000000000 461.017730713
256.000000000 461.017730713
255.000000000 461.017730713
254.000000000 461.017730713
253.000000000 461.017730713
252.000000000 461.017730713
251.000000000 461.017730713
250.000000000 461.017730713
249.000000000 461.017730713
248.000000000 483.548187256
247.000000000 483.548187256
246.000000000 483.548187256
245.000000000 483.548187256
244.000000000 483.548187256
243.000000000 483.548187256
242.000000000 483.548187256
241.000000000 483.548187256
240.000000000 483.548187256
239.000000000 483.548187256
238.000000000 483.548187256
237.000000000 483.548187256
236.000000000 483.548187256
235.000000000 483.548187256
234.000000000 483.548187256
233.000000000 508.644592285
232.000000000 508.644592285
231.000000000 508.644592285
230.000000000 508.644592285
229.000000000 508.644592285
228.000000000 508.644592285
227.000000000 508.644592285
226.000000000 508.644592285
225.000000000 508.644592285
224.000000000 534.206542969
223.000000000 534.206542969
222.000000000 534.206542969
221.000000000 534.206542969
220.000000000 534.206542969
219.000000000 534.206542969
218.000000000 534.206542969
217.000000000 563.306152344
216.000000000 563.306152344
215.000000000 563.306152344
214.000000000 563.306152344
213.000000000 563.306152344
212.000000000 563.306152344
211.000000000 563.306152344
210.000000000 596.764587402
209.000000000 596.764587402
208.000000000 596.764587402
207.000000000 596.764587402
206.000000000 625.486206055
205.000000000 625.486206055
204.000000000 625.486206055
203.000000000 625.486206055
202.000000000 657.252624512
201.000000000 657.252624512
200.000000000 657.252624512
199.000000000 691.786499023
198.000000000 691.786499023
197.000000000 691.786499023
196.000000000 731.928344727
195.000000000 731.928344727
194.000000000 731.928344727
193.000000000 731.928344727
192.000000000 771.816284180
191.000000000 771.816284180
190.000000000 771.816284180
189.000000000 771.816284180
188.000000000 771.816284180
187.000000000 771.816284180
186.000000000 771.816284180
185.000000000 771.816284180
184.000000000 771.816284180
183.000000000 814.540100098
182.000000000 814.540100098
181.000000000 814.540100098
180.000000000 888.478088379
