260.000000000 461.017730713
259.000000000 461.017730713
258.000000000 461.017730713
257.000000000 461.017730713
256.000000000 461.017730713
255.000000000 461.017730713
254.000000000 461.017730713
253.000000000 461.017730713
252.000000000 461.017730713
251.000000000 461.017730713
250.000000000 461.017730713
249.000000000 461.017730713
248.000000000 482.725463867
247.000000000 482.725463867
246.000000000 482.725463867
245.000000000 482.725463867
244.000000000 482.725463867
243.000000000 482.725463867
242.000000000 482.725463867
241.000000000 482.725463867
240.000000000 482.725463867
239.000000000 482.725463867
238.000000000 482.725463867
237.000000000 482.725463867
236.000000000 482.725463867
235.000000000 482.725463867
234.000000000 482.725463867
233.000000000 509.720214844
232.000000000 509.720214844
231.000000000 509.720214844
230.000000000 509.720214844
229.000000000 509.720214844
228.000000000 509.720214844
227.000000000 509.720214844
226.000000000 509.720214844
225.000000000 509.720214844
224.000000000 509.720214844
223.000000000 538.629699707
222.000000000 538.629699707
221.000000000 538.629699707
220.000000000 538.629699707
219.000000000 538.629699707
218.000000000 538.629699707
217.000000000 538.629699707
216.000000000 567.485412598
215.000000000 567.485412598
214.000000000 567.485412598
213.000000000 567.485412598
212.000000000 567.485412598
211.000000000 567.485412598
210.000000000 595.201171875
209.000000000 595.201171875
208.000000000 595.201171875
207.000000000 595.201171875
206.000000000 623.167358398
205.000000000 623.167358398
204.000000000 623.167358398
203.000000000 623.167358398
202.000000000 656.200744629
201.000000000 656.200744629
200.000000000 656.200744629
199.000000000 691.713928223
198.000000000 691.713928223
197.000000000 691.713928223
196.000000000 730.077758789
195.000000000 730.077758789
194.000000000 730.077758789
193.000000000 765.620727539
192.000000000 765.620727539
191.000000000 765.620727539
190.000000000 765.620727539
189.000000000 765.620727539
188.000000000 765.620727539
187.000000000 765.620727539
186.000000000 765.620727539
185.000000000 765.620727539
184.000000000 765.620727539
183.000000000 809.990295410
182.000000000 809.990295410
181.000000000 857.615112305
180.000000000 857.615112305
