260.000000000 500.262176514
259.000000000 500.262176514
258.000000000 500.262176514
257.000000000 500.262176514
256.000000000 500.262176514
255.000000000 500.262176514
254.000000000 500.262176514
253.000000000 500.262176514
252.000000000 500.262176514
251.000000000 500.262176514
250.000000000 500.262176514
249.000000000 500.262176514
248.000000000 500.262176514
247.000000000 500.262176514
246.000000000 500.262176514
245.000000000 500.262176514
244.000000000 500.262176514
243.000000000 500.262176514
242.000000000 500.262176514
241.000000000 500.262176514
240.000000000 500.262176514
239.000000000 500.262176514
238.000000000 500.262176514
237.000000000 500.262176514
236.000000000 500.262176514
235.000000000 500.262176514
234.000000000 500.262176514
233.000000000 500.262176514
232.000000000 500.262176514
231.000000000 500.262176514
230.000000000 500.262176514
229.000000000 500.262176514
228.000000000 500.262176514
227.000000000 500.262176514
226.000000000 500.262176514
225.000000000 500.262176514
224.000000000 500.262176514
223.000000000 500.262176514
222.000000000 500.262176514
221.000000000 500.262176514
220.000000000 500.262176514
219.000000000 500.262176514
218.000000000 500.262176514
217.000000000 500.262176514
216.000000000 500.262176514
215.000000000 500.262176514
214.000000000 500.262176514
213.000000000 500.262176514
212.000000000 500.262176514
211.000000000 500.262176514
210.000000000 500.262176514
209.000000000 500.262176514
208.000000000 500.262176514
207.000000000 500.262176514
206.000000000 500.262176514
205.000000000 500.262176514
204.000000000 500.262176514
203.000000000 500.262176514
202.000000000 500.262176514
201.000000000 500.262176514
200.000000000 500.262176514
199.000000000 500.262176514
198.000000000 500.262176514
197.000000000 500.262176514
196.000000000 500.262176514
195.000000000 500.262176514
194.000000000 500.262176514
193.000000000 500.262176514
192.000000000 500.262176514
191.000000000 500.262176514
190.000000000 500.262176514
189.000000000 500.262176514
188.000000000 500.262176514
187.000000000 500.262176514
186.000000000 500.262176514
185.000000000 500.262176514
184.000000000 500.262176514
183.000000000 500.262176514
182.000000000 500.262176514
181.000000000 500.262176514
180.000000000 500.262176514
