260.000000000 461.017730713
259.000000000 461.017730713
258.000000000 461.017730713
257.000000000 461.017730713
256.000000000 461.017730713
255.000000000 461.017730713
254.000000000 461.017730713
253.000000000 461.017730713
252.000000000 461.017730713
251.000000000 461.017730713
250.000000000 461.017730713
249.000000000 461.017730713
248.000000000 461.017730713
247.000000000 461.017730713
246.000000000 461.017730713
245.000000000 486.391387939
244.000000000 486.391387939
243.000000000 486.391387939
242.000000000 486.391387939
241.000000000 486.391387939
240.000000000 486.391387939
239.000000000 486.391387939
238.000000000 486.391387939
237.000000000 486.391387939
236.000000000 486.391387939
235.000000000 486.391387939
234.000000000 486.391387939
233.000000000 486.391387939
232.000000000 509.834289551
231.000000000 509.834289551
230.000000000 509.834289551
229.000000000 509.834289551
228.000000000 509.834289551
227.000000000 509.834289551
226.000000000 509.834289551
225.000000000 509.834289551
224.000000000 534.539184570
223.000000000 534.539184570
222.000000000 534.539184570
221.000000000 534.539184570
220.000000000 534.539184570
219.000000000 534.539184570
218.000000000 534.539184570
217.000000000 562.614501953
216.000000000 562.614501953
215.000000000 562.614501953
214.000000000 562.614501953
213.000000000 562.614501953
212.000000000 562.614501953
211.000000000 589.745239258
210.000000000 589.745239258
209.000000000 589.745239258
208.000000000 589.745239258
207.000000000 618.121215820
206.000000000 618.121215820
205.000000000 618.121215820
204.000000000 618.121215820
203.000000000 649.085632324
202.000000000 649.085632324
201.000000000 649.085632324
200.000000000 649.085632324
199.000000000 690.241027832
198.000000000 690.241027832
197.000000000 690.241027832
196.000000000 729.358764648
195.000000000 729.358764648
194.000000000 729.358764648
193.000000000 765.487976074
192.000000000 765.487976074
191.000000000 765.487976074
190.000000000 765.487976074
189.000000000 765.487976074
188.000000000 765.487976074
187.000000000 765.487976074
186.000000000 765.487976074
185.000000000 765.487976074
184.000000000 765.487976074
183.000000000 818.984313965
182.000000000 818.984313965
181.000000000 861.686706543
180.000000000 861.686706543
