260.000000000 3.443596873
259.000000000 4.424930240
258.000000000 4.547330824
257.000000000 4.639908689
256.000000000 2.781693069
255.000000000 3.936966982
254.000000000 4.259835992
253.000000000 5.215518759
252.000000000 4.768316439
251.000000000 3.417744593
250.000000000 5.262022412
249.000000000 2.985648425
248.000000000 2.651710451
247.000000000 3.243024401
246.000000000 1.095152554
245.000000000 3.179202421
244.000000000 2.251820550
243.000000000 3.223608606
242.000000000 0.484208032
241.000000000 1.485283210
240.000000000 -0.191219512
239.000000000 1.488881421
238.000000000 -0.219258728
237.000000000 -1.584524713
236.000000000 -2.435795124
235.000000000 -4.435438419
234.000000000 -5.612821388
233.000000000 -7.913259043
232.000000000 -9.746519750
231.000000000 -9.479429785
230.000000000 -12.950640531
229.000000000 -13.930238485
228.000000000 -17.905650110
227.000000000 -20.689332530
226.000000000 -21.608257306
225.000000000 -24.655551169
224.000000000 -25.283303912
223.000000000 -24.054339108
222.000000000 -26.471928374
221.000000000 -28.799898719
220.000000000 -26.240845469
219.000000000 -32.594597265
218.000000000 -25.704649751
217.000000000 -24.171566756
216.000000000 -28.689199216
215.000000000 -27.003943448
214.000000000 -24.794345627
213.000000000 -23.587652581
212.000000000 -26.448340149
211.000000000 -29.829795096
210.000000000 -29.948245683
209.000000000 -26.380047395
208.000000000 -25.427961853
207.000000000 -26.365670202
206.000000000 -24.380507905
205.000000000 -22.446548821
204.000000000 -23.786303220
203.000000000 -12.479546190
202.000000000 -10.815650283
201.000000000 -6.310254241
200.000000000 -1.987822798
199.000000000 11.604123087
198.000000000 18.439017871
197.000000000 29.773137654
196.000000000 37.942443690
195.000000000 46.282593118
194.000000000 48.542703394
193.000000000 49.360332570
192.000000000 47.557436808
191.000000000 71.676464883
190.000000000 53.357134909
189.000000000 65.962284436
188.000000000 57.300461774
187.000000000 45.995335689
186.000000000 42.825217685
185.000000000 58.329799047
184.000000000 46.818285407
183.000000000 36.173678382
182.000000000 45.554965473
181.000000000 25.015148880
180.000000000 19.546084945
