260.000000000 3.338093209
259.000000000 3.877562250
258.000000000 4.026988721
257.000000000 3.523266653
256.000000000 3.438077524
255.000000000 3.924478333
254.000000000 2.412437495
253.000000000 4.275155354
252.000000000 3.397293927
251.000000000 4.540336614
250.000000000 3.530708644
249.000000000 3.824749158
248.000000000 3.422876981
247.000000000 2.300725878
246.000000000 1.489392372
245.000000000 3.501424488
244.000000000 1.211571174
243.000000000 1.500799410
242.000000000 1.713554137
241.000000000 3.037666562
240.000000000 2.303223918
239.000000000 0.973859980
238.000000000 -0.874896813
237.000000000 -2.275952549
236.000000000 -3.473348939
235.000000000 -4.710128760
234.000000000 -4.642726718
233.000000000 -5.949655515
232.000000000 -9.074542840
231.000000000 -11.413109222
230.000000000 -14.649735447
229.000000000 -14.209121176
228.000000000 -18.267600571
227.000000000 -18.594956030
226.000000000 -21.936953463
225.000000000 -22.804297233
224.000000000 -22.915885425
223.000000000 -24.166149781
222.000000000 -26.459783297
221.000000000 -27.764187052
220.000000000 -26.635460648
219.000000000 -26.534281833
218.000000000 -26.267162313
217.000000000 -25.587798721
216.000000000 -24.274894907
215.000000000 -30.916959983
214.000000000 -23.851741215
213.000000000 -28.903464585
212.000000000 -25.128309548
211.000000000 -26.339517516
210.000000000 -24.720791595
209.000000000 -28.557251463
208.000000000 -26.505092677
207.000000000 -23.745652926
206.000000000 -25.058304677
205.000000000 -27.040599664
204.000000000 -22.148668031
203.000000000 -12.599526865
202.000000000 -10.887046487
201.000000000 -3.328517256
200.000000000 -2.415561772
199.000000000 14.091965733
198.000000000 19.254557756
197.000000000 22.195037727
196.000000000 39.653094212
195.000000000 38.393536764
194.000000000 47.700403193
193.000000000 49.860923242
192.000000000 49.378224737
191.000000000 57.981858661
190.000000000 58.334863842
189.000000000 51.948317619
188.000000000 54.461030316
187.000000000 62.409172289
186.000000000 59.534371006
185.000000000 52.433031466
184.000000000 40.926897788
183.000000000 38.058568238
182.000000000 39.610785711
181.000000000 34.935970571
180.000000000 11.866949016
