260.000000000 3.815858162
259.000000000 3.647062623
258.000000000 4.175162244
257.000000000 2.353185631
256.000000000 2.205378971
255.000000000 2.784033450
254.000000000 4.464375463
253.000000000 3.259115356
252.000000000 4.125063923
251.000000000 5.404658426
250.000000000 3.761239432
249.000000000 4.714365758
248.000000000 3.973124620
247.000000000 2.230994106
246.000000000 2.668331616
245.000000000 2.713741968
244.000000000 3.183554743
243.000000000 2.215380730
242.000000000 1.767173484
241.000000000 1.068206064
240.000000000 2.173883589
239.000000000 0.881938121
238.000000000 -2.138303131
237.000000000 -2.819511270
236.000000000 -3.715436394
235.000000000 -5.802031877
234.000000000 -6.094277395
233.000000000 -5.821143961
232.000000000 -10.011213317
231.000000000 -10.937174145
230.000000000 -13.963610848
229.000000000 -16.714375578
228.000000000 -19.198063632
227.000000000 -19.169035012
226.000000000 -18.821845178
225.000000000 -24.398557585
224.000000000 -22.225278662
223.000000000 -23.298976301
222.000000000 -24.462895037
221.000000000 -27.494417119
220.000000000 -26.137063282
219.000000000 -25.815097572
218.000000000 -27.693357086
217.000000000 -25.472718671
216.000000000 -27.453226526
215.000000000 -25.957961762
214.000000000 -29.521196486
213.000000000 -27.036281061
212.000000000 -25.898824556
211.000000000 -23.086945176
210.000000000 -30.322000430
209.000000000 -25.121473761
208.000000000 -29.573503685
207.000000000 -24.749062365
206.000000000 -27.508078712
205.000000000 -24.660270288
204.000000000 -18.564145674
203.000000000 -13.015968340
202.000000000 -5.718367432
201.000000000 -1.907139141
200.000000000 -2.958161820
199.000000000 4.184699877
198.000000000 17.671713710
197.000000000 29.267712758
196.000000000 31.805633032
195.000000000 40.161728953
194.000000000 49.221023754
193.000000000 41.328221747
192.000000000 48.761304644
191.000000000 56.858445617
190.000000000 54.198301701
189.000000000 46.380301934
188.000000000 60.600531845
187.000000000 55.384425402
186.000000000 56.200655798
185.000000000 42.369990115
184.000000000 39.032901694
183.000000000 35.787135106
182.000000000 24.602702314
181.000000000 24.798689885
180.000000000 22.239314817
