260.000000000 414.169555664
259.000000000 414.169555664
258.000000000 414.169555664
257.000000000 414.169555664
256.000000000 414.169555664
255.000000000 414.169555664
254.000000000 414.169555664
253.000000000 414.169555664
252.000000000 414.169555664
251.000000000 414.169555664
250.000000000 414.169555664
249.000000000 414.169555664
248.000000000 414.169555664
247.000000000 414.169555664
246.000000000 414.169555664
245.000000000 414.169555664
244.000000000 414.169555664
243.000000000 414.169555664
242.000000000 414.169555664
241.000000000 434.930389404
240.000000000 434.930389404
239.000000000 434.930389404
238.000000000 434.930389404
237.000000000 434.930389404
236.000000000 434.930389404
235.000000000 434.930389404
234.000000000 434.930389404
233.000000000 456.966186523
232.000000000 456.966186523
231.000000000 456.966186523
230.000000000 456.966186523
229.000000000 456.966186523
228.000000000 478.981628418
227.000000000 478.981628418
226.000000000 478.981628418
225.000000000 478.981628418
224.000000000 478.981628418
223.000000000 478.981628418
222.000000000 504.992889404
221.000000000 504.992889404
220.000000000 504.992889404
219.000000000 504.992889404
218.000000000 504.992889404
217.000000000 529.164428711
216.000000000 529.164428711
215.000000000 529.164428711
214.000000000 529.164428711
213.000000000 529.164428711
212.000000000 556.158752441
211.000000000 556.158752441
210.000000000 556.158752441
209.000000000 582.378112793
208.000000000 582.378112793
207.000000000 610.249450684
206.000000000 610.249450684
205.000000000 610.249450684
204.000000000 646.034545898
203.000000000 646.034545898
202.000000000 646.034545898
201.000000000 677.775451660
200.000000000 677.775451660
199.000000000 726.701660156
198.000000000 726.701660156
197.000000000 726.701660156
196.000000000 726.701660156
195.000000000 726.701660156
194.000000000 726.701660156
193.000000000 726.701660156
192.000000000 726.701660156
191.000000000 726.701660156
190.000000000 726.701660156
189.000000000 726.701660156
188.000000000 726.701660156
187.000000000 726.701660156
186.000000000 728.166687012
185.000000000 763.239074707
184.000000000 735.513122559
183.000000000 735.513122559
182.000000000 735.513122559
181.000000000 735.513122559
180.000000000 735.513122559
