260.000000000 414.169555664
259.000000000 414.169555664
258.000000000 414.169555664
257.000000000 414.169555664
256.000000000 414.169555664
255.000000000 414.169555664
254.000000000 414.169555664
253.000000000 414.169555664
252.000000000 414.169555664
251.000000000 414.169555664
250.000000000 414.169555664
249.000000000 414.169555664
248.000000000 414.169555664
247.000000000 414.169555664
246.000000000 414.169555664
245.000000000 414.169555664
244.000000000 414.169555664
243.000000000 414.169555664
242.000000000 414.169555664
241.000000000 414.169555664
240.000000000 435.633666992
239.000000000 435.633666992
238.000000000 435.633666992
237.000000000 435.633666992
236.000000000 435.633666992
235.000000000 435.633666992
234.000000000 435.633666992
233.000000000 457.056152344
232.000000000 457.056152344
231.000000000 457.056152344
230.000000000 457.056152344
229.000000000 457.056152344
228.000000000 457.056152344
227.000000000 482.242004395
226.000000000 482.242004395
225.000000000 482.242004395
224.000000000 482.242004395
223.000000000 482.242004395
222.000000000 505.488586426
221.000000000 505.488586426
220.000000000 505.488586426
219.000000000 505.488586426
218.000000000 505.488586426
217.000000000 505.488586426
216.000000000 532.681823730
215.000000000 532.681823730
214.000000000 532.681823730
213.000000000 532.681823730
212.000000000 532.681823730
211.000000000 565.913208008
210.000000000 565.913208008
209.000000000 565.913208008
208.000000000 593.671447754
207.000000000 593.671447754
206.000000000 623.509216309
205.000000000 623.509216309
204.000000000 623.509216309
203.000000000 657.381530762
202.000000000 657.381530762
201.000000000 657.381530762
200.000000000 708.954589844
199.000000000 708.954589844
198.000000000 708.954589844
197.000000000 708.954589844
196.000000000 708.954589844
195.000000000 708.954589844
194.000000000 708.954589844
193.000000000 754.495300293
192.000000000 737.033264160
191.000000000 737.033264160
190.000000000 737.033264160
189.000000000 737.033264160
188.000000000 737.033264160
187.000000000 737.033264160
186.000000000 737.033264160
185.000000000 737.033264160
184.000000000 737.033264160
183.000000000 737.033264160
182.000000000 737.033264160
181.000000000 737.033264160
180.000000000 737.033264160
