260.000000000 414.169555664
259.000000000 414.169555664
258.000000000 414.169555664
257.000000000 414.169555664
256.000000000 414.169555664
255.000000000 414.169555664
254.000000000 414.169555664
253.000000000 414.169555664
252.000000000 414.169555664
251.000000000 414.169555664
250.000000000 414.169555664
249.000000000 414.169555664
248.000000000 414.169555664
247.000000000 414.169555664
246.000000000 414.169555664
245.000000000 414.169555664
244.000000000 414.169555664
243.000000000 414.169555664
242.000000000 414.169555664
241.000000000 434.118499756
240.000000000 434.118499756
239.000000000 434.118499756
238.000000000 434.118499756
237.000000000 434.118499756
236.000000000 434.118499756
235.000000000 434.118499756
234.000000000 434.118499756
233.000000000 457.270324707
232.000000000 457.270324707
231.000000000 457.270324707
230.000000000 457.270324707
229.000000000 457.270324707
228.000000000 457.270324707
227.000000000 483.230102539
226.000000000 483.230102539
225.000000000 483.230102539
224.000000000 483.230102539
223.000000000 483.230102539
222.000000000 506.256866455
221.000000000 506.256866455
220.000000000 506.256866455
219.000000000 506.256866455
218.000000000 506.256866455
217.000000000 506.256866455
216.000000000 532.832641602
215.000000000 532.832641602
214.000000000 532.832641602
213.000000000 532.832641602
212.000000000 532.832641602
211.000000000 566.795227051
210.000000000 566.795227051
209.000000000 566.795227051
208.000000000 598.695373535
207.000000000 598.695373535
206.000000000 598.695373535
205.000000000 631.739501953
204.000000000 631.739501953
203.000000000 663.276428223
202.000000000 663.276428223
201.000000000 663.276428223
200.000000000 663.276428223
199.000000000 720.600341797
198.000000000 720.600341797
197.000000000 720.600341797
196.000000000 719.422058105
195.000000000 723.015747070
194.000000000 723.015747070
193.000000000 723.015747070
192.000000000 723.015747070
191.000000000 723.015747070
190.000000000 759.592895508
189.000000000 759.592895508
188.000000000 721.488159180
187.000000000 721.488159180
186.000000000 726.745666504
185.000000000 726.745666504
184.000000000 726.745666504
183.000000000 726.745666504
182.000000000 726.745666504
181.000000000 726.745666504
180.000000000 726.745666504
