260.000000000 465.927429199
259.000000000 465.927429199
258.000000000 465.927429199
257.000000000 465.927429199
256.000000000 465.927429199
255.000000000 465.927429199
254.000000000 465.927429199
253.000000000 465.927429199
252.000000000 465.927429199
251.000000000 465.927429199
250.000000000 465.927429199
249.000000000 465.927429199
248.000000000 489.505432129
247.000000000 489.505432129
246.000000000 489.505432129
245.000000000 489.505432129
244.000000000 489.505432129
243.000000000 489.505432129
242.000000000 489.505432129
241.000000000 489.505432129
240.000000000 489.505432129
239.000000000 489.505432129
238.000000000 489.505432129
237.000000000 515.692871094
236.000000000 515.692871094
235.000000000 515.692871094
234.000000000 515.692871094
233.000000000 515.692871094
232.000000000 515.692871094
231.000000000 544.966003418
230.000000000 544.966003418
229.000000000 544.966003418
228.000000000 544.966003418
227.000000000 544.966003418
226.000000000 571.413452148
225.000000000 571.413452148
224.000000000 571.413452148
223.000000000 571.413452148
222.000000000 571.413452148
221.000000000 599.454284668
220.000000000 599.454284668
219.000000000 599.454284668
218.000000000 599.454284668
217.000000000 599.454284668
216.000000000 599.454284668
215.000000000 632.716613770
214.000000000 632.716613770
213.000000000 632.716613770
212.000000000 632.716613770
211.000000000 667.300476074
210.000000000 667.300476074
209.000000000 667.300476074
208.000000000 711.856750488
207.000000000 711.856750488
206.000000000 752.532409668
205.000000000 752.532409668
204.000000000 752.532409668
203.000000000 810.916687012
202.000000000 810.916687012
201.000000000 810.916687012
200.000000000 810.916687012
199.000000000 854.206237793
198.000000000 854.206237793
197.000000000 854.206237793
196.000000000 854.206237793
195.000000000 854.206237793
194.000000000 887.721679688
193.000000000 887.721679688
192.000000000 887.721679688
191.000000000 887.721679688
190.000000000 887.721679688
189.000000000 887.721679688
188.000000000 887.721679688
187.000000000 887.721679688
186.000000000 887.721679688
185.000000000 887.721679688
184.000000000 887.721679688
183.000000000 887.721679688
182.000000000 887.721679688
181.000000000 883.143859863
180.000000000 883.143859863
