260.000000000 465.927429199
259.000000000 465.927429199
258.000000000 465.927429199
257.000000000 465.927429199
256.000000000 465.927429199
255.000000000 465.927429199
254.000000000 465.927429199
253.000000000 465.927429199
252.000000000 465.927429199
251.000000000 465.927429199
250.000000000 465.927429199
249.000000000 465.927429199
248.000000000 465.927429199
247.000000000 489.690429688
246.000000000 489.690429688
245.000000000 489.690429688
244.000000000 489.690429688
243.000000000 489.690429688
242.000000000 489.690429688
241.000000000 489.690429688
240.000000000 489.690429688
239.000000000 489.690429688
238.000000000 489.690429688
237.000000000 514.971374512
236.000000000 514.971374512
235.000000000 514.971374512
234.000000000 514.971374512
233.000000000 514.971374512
232.000000000 540.101745605
231.000000000 540.101745605
230.000000000 540.101745605
229.000000000 540.101745605
228.000000000 540.101745605
227.000000000 540.101745605
226.000000000 571.403686523
225.000000000 571.403686523
224.000000000 571.403686523
223.000000000 571.403686523
222.000000000 571.403686523
221.000000000 599.289489746
220.000000000 599.289489746
219.000000000 599.289489746
218.000000000 599.289489746
217.000000000 599.289489746
216.000000000 599.289489746
215.000000000 632.932617188
214.000000000 632.932617188
213.000000000 632.932617188
212.000000000 632.932617188
211.000000000 670.607971191
210.000000000 670.607971191
209.000000000 670.607971191
208.000000000 710.083557129
207.000000000 710.083557129
206.000000000 745.501770020
205.000000000 745.501770020
204.000000000 793.585083008
203.000000000 793.585083008
202.000000000 793.585083008
201.000000000 793.585083008
200.000000000 865.625427246
199.000000000 865.625427246
198.000000000 865.625427246
197.000000000 865.625427246
196.000000000 865.625427246
195.000000000 865.625427246
194.000000000 865.625427246
193.000000000 922.358337402
192.000000000 901.375793457
191.000000000 901.375793457
190.000000000 901.375793457
189.000000000 901.375793457
188.000000000 901.375793457
187.000000000 901.375793457
186.000000000 901.375793457
185.000000000 901.375793457
184.000000000 901.375793457
183.000000000 901.375793457
182.000000000 901.375793457
181.000000000 901.375793457
180.000000000 901.375793457
