260.000000000 465.927429199
259.000000000 465.927429199
258.000000000 465.927429199
257.000000000 465.927429199
256.000000000 465.927429199
255.000000000 465.927429199
254.000000000 465.927429199
253.000000000 465.927429199
252.000000000 465.927429199
251.000000000 465.927429199
250.000000000 465.927429199
249.000000000 465.927429199
248.000000000 489.803161621
247.000000000 489.803161621
246.000000000 489.803161621
245.000000000 489.803161621
244.000000000 489.803161621
243.000000000 489.803161621
242.000000000 489.803161621
241.000000000 489.803161621
240.000000000 489.803161621
239.000000000 489.803161621
238.000000000 489.803161621
237.000000000 516.036010742
236.000000000 516.036010742
235.000000000 516.036010742
234.000000000 516.036010742
233.000000000 516.036010742
232.000000000 516.036010742
231.000000000 544.695617676
230.000000000 544.695617676
229.000000000 544.695617676
228.000000000 544.695617676
227.000000000 544.695617676
226.000000000 571.931396484
225.000000000 571.931396484
224.000000000 571.931396484
223.000000000 571.931396484
222.000000000 571.931396484
221.000000000 571.931396484
220.000000000 604.134155273
219.000000000 604.134155273
218.000000000 604.134155273
217.000000000 604.134155273
216.000000000 604.134155273
215.000000000 604.134155273
214.000000000 640.243835449
213.000000000 640.243835449
212.000000000 640.243835449
211.000000000 640.243835449
210.000000000 680.343872070
209.000000000 680.343872070
208.000000000 716.325927734
207.000000000 716.325927734
206.000000000 752.132507324
205.000000000 752.132507324
204.000000000 752.132507324
203.000000000 794.762878418
202.000000000 794.762878418
201.000000000 836.257751465
200.000000000 836.257751465
199.000000000 878.587036133
198.000000000 878.587036133
197.000000000 878.587036133
196.000000000 878.587036133
195.000000000 879.292114258
194.000000000 879.292114258
193.000000000 879.292114258
192.000000000 879.292114258
191.000000000 879.292114258
190.000000000 925.707458496
189.000000000 925.707458496
188.000000000 877.322631836
187.000000000 877.322631836
186.000000000 883.024780273
185.000000000 883.024780273
184.000000000 883.024780273
183.000000000 883.024780273
182.000000000 883.024780273
181.000000000 883.024780273
180.000000000 883.024780273
