260.000000000 -0.461794072
259.000000000 0.469251816
258.000000000 0.295560179
257.000000000 0.596678690
256.000000000 0.203336682
255.000000000 0.569125308
254.000000000 0.833335683
253.000000000 -0.249372967
252.000000000 0.572897410
251.000000000 0.965737130
250.000000000 0.660544638
249.000000000 0.225818025
248.000000000 0.826181795
247.000000000 -0.153545856
246.000000000 0.282077537
245.000000000 0.171534832
244.000000000 -0.480971947
243.000000000 0.158064078
242.000000000 0.697882025
241.000000000 0.271283850
240.000000000 0.647693918
239.000000000 1.210669237
238.000000000 0.118447628
237.000000000 -0.213507051
236.000000000 -0.566330066
235.000000000 -1.534661516
234.000000000 -0.040170705
233.000000000 -0.449714161
232.000000000 -0.782908883
231.000000000 -1.338690374
230.000000000 -2.648677627
229.000000000 -3.223475647
228.000000000 -3.442105857
227.000000000 -5.516558552
226.000000000 -4.252467803
225.000000000 -4.535031790
224.000000000 -4.356045159
223.000000000 -3.475324955
222.000000000 -3.664237153
221.000000000 -4.862027110
220.000000000 -5.874992242
219.000000000 -5.801581817
218.000000000 -5.569644369
217.000000000 -9.720202107
216.000000000 -8.268950925
215.000000000 -9.311886496
214.000000000 -9.843057188
213.000000000 -5.540653042
212.000000000 -8.463420906
211.000000000 -6.783424105
210.000000000 -8.372953890
209.000000000 -7.502729464
208.000000000 1.544001190
207.000000000 -5.211958303
206.000000000 0.980472074
205.000000000 1.701725571
204.000000000 5.221354084
203.000000000 8.074602930
202.000000000 6.034549499
201.000000000 -0.191975816
200.000000000 6.765913500
199.000000000 5.798396577
198.000000000 1.618361034
197.000000000 0.328489146
196.000000000 -11.081306952
195.000000000 3.826016411
194.000000000 10.113691088
193.000000000 4.287644058
192.000000000 0.233289821
191.000000000 0.321636519
190.000000000 -0.452464700
189.000000000 0.606092147
188.000000000 -9.530598398
187.000000000 -0.157111748
186.000000000 -7.470102324
185.000000000 -2.292657008
184.000000000 2.113162590
183.000000000 1.909410073
182.000000000 -7.015805644
181.000000000 -2.342638229
180.000000000 -12.018025778
