260.000000000 0.246253093
259.000000000 0.396941234
258.000000000 0.076412529
257.000000000 -0.349889224
256.000000000 -0.238677768
255.000000000 0.808378464
254.000000000 -0.349860111
253.000000000 0.703183015
252.000000000 0.211084228
251.000000000 0.798846158
250.000000000 0.903211940
249.000000000 0.458623610
248.000000000 0.468567982
247.000000000 0.643187476
246.000000000 -0.243304288
245.000000000 0.417898227
244.000000000 1.247071676
243.000000000 0.533394468
242.000000000 0.109593701
241.000000000 0.857066463
240.000000000 0.215637201
239.000000000 0.642208424
238.000000000 -0.263119001
237.000000000 0.758732129
236.000000000 -1.203349839
235.000000000 0.153675696
234.000000000 0.240838461
233.000000000 -1.119186300
232.000000000 -1.785794157
231.000000000 -1.744769647
230.000000000 -2.709156057
229.000000000 -3.557689964
228.000000000 -4.001947322
227.000000000 -3.950153217
226.000000000 -3.991558676
225.000000000 -5.153007787
224.000000000 -5.914244642
223.000000000 -5.340570246
222.000000000 -4.829981029
221.000000000 -6.152693877
220.000000000 -7.341473567
219.000000000 -7.554796725
218.000000000 -6.066103488
217.000000000 -8.054816672
216.000000000 -6.984178084
215.000000000 -10.335882492
214.000000000 -5.866527705
213.000000000 -9.212020046
212.000000000 -4.633090755
211.000000000 -10.149880896
210.000000000 -8.399470785
209.000000000 -5.847008132
208.000000000 -2.116092851
207.000000000 -0.876519471
206.000000000 -0.461298070
205.000000000 -1.092559314
204.000000000 4.283828827
203.000000000 5.881020042
202.000000000 8.011412788
201.000000000 4.434145024
200.000000000 7.871015985
199.000000000 7.199048968
198.000000000 2.764729044
197.000000000 5.516459017
196.000000000 5.573780452
195.000000000 -5.326466558
194.000000000 -2.618743509
193.000000000 -2.507517444
192.000000000 2.750323809
191.000000000 3.051230706
190.000000000 -5.888049697
189.000000000 -2.983898604
188.000000000 -4.446415416
187.000000000 -0.634443938
186.000000000 -3.528544545
185.000000000 -9.075302738
184.000000000 -2.476491520
183.000000000 3.969877459
182.000000000 -3.374423623
181.000000000 0.977088720
180.000000000 5.275726457
