260.000000000 0.430039881
259.000000000 0.484529889
258.000000000 0.483418420
257.000000000 0.529806361
256.000000000 0.506028520
255.000000000 0.116770113
254.000000000 0.564571136
253.000000000 0.033598221
252.000000000 0.498365859
251.000000000 0.639109331
250.000000000 0.228648938
249.000000000 0.534436859
248.000000000 0.310763688
247.000000000 0.481281170
246.000000000 0.648305210
245.000000000 -0.084698956
244.000000000 -0.161979227
243.000000000 -0.360400798
242.000000000 -0.191788294
241.000000000 0.251777989
240.000000000 0.513426515
239.000000000 0.268649105
238.000000000 0.495893315
237.000000000 -0.431626403
236.000000000 -0.647533798
235.000000000 0.017885901
234.000000000 -0.677436012
233.000000000 -0.912105276
232.000000000 -2.273853743
231.000000000 -1.873830431
230.000000000 -3.426994927
229.000000000 -2.224343351
228.000000000 -4.687522456
227.000000000 -3.305932183
226.000000000 -2.789446397
225.000000000 -4.305653604
224.000000000 -4.956203214
223.000000000 -4.945587330
222.000000000 -5.063942119
221.000000000 -3.886645197
220.000000000 -6.919074091
219.000000000 -6.848083282
218.000000000 -7.348005966
217.000000000 -7.936359671
216.000000000 -9.228250806
215.000000000 -8.207759470
214.000000000 -8.810984543
213.000000000 -6.885844368
212.000000000 -8.698901551
211.000000000 -6.779905567
210.000000000 -6.171024468
209.000000000 0.951036594
208.000000000 -3.274652332
207.000000000 -1.357894042
206.000000000 5.788327188
205.000000000 2.927197623
204.000000000 2.845888619
203.000000000 1.201889612
202.000000000 7.514654999
201.000000000 6.057748079
200.000000000 1.989221848
199.000000000 -0.100175295
198.000000000 4.455197650
197.000000000 -0.394421638
196.000000000 0.134149366
195.000000000 -1.287734724
194.000000000 2.263406021
193.000000000 5.961897930
192.000000000 4.203108780
191.000000000 0.787433597
190.000000000 -4.959632990
189.000000000 6.487149812
188.000000000 -8.213784905
187.000000000 1.177420918
186.000000000 2.127549800
185.000000000 2.744643932
184.000000000 1.327880165
183.000000000 -2.230893247
182.000000000 -6.873844953
181.000000000 -8.051152705
180.000000000 -1.244374480
