260.000000000 465.927429199
259.000000000 465.927429199
258.000000000 465.927429199
257.000000000 465.927429199
256.000000000 465.927429199
255.000000000 465.927429199
254.000000000 465.927429199
253.000000000 465.927429199
252.000000000 465.927429199
251.000000000 465.927429199
250.000000000 465.927429199
249.000000000 465.927429199
248.000000000 465.927429199
247.000000000 465.927429199
246.000000000 465.927429199
245.000000000 465.927429199
244.000000000 465.927429199
243.000000000 465.927429199
242.000000000 465.927429199
241.000000000 465.927429199
240.000000000 465.927429199
239.000000000 465.927429199
238.000000000 465.927429199
237.000000000 465.927429199
236.000000000 465.927429199
235.000000000 465.927429199
234.000000000 465.927429199
233.000000000 465.927429199
232.000000000 465.927429199
231.000000000 465.927429199
230.000000000 465.927429199
229.000000000 465.927429199
228.000000000 465.927429199
227.000000000 465.927429199
226.000000000 465.927429199
225.000000000 465.927429199
224.000000000 465.927429199
223.000000000 465.927429199
222.000000000 465.927429199
221.000000000 465.927429199
220.000000000 465.927429199
219.000000000 465.927429199
218.000000000 465.927429199
217.000000000 465.927429199
216.000000000 465.927429199
215.000000000 465.927429199
214.000000000 465.927429199
213.000000000 465.927429199
212.000000000 465.927429199
211.000000000 465.927429199
210.000000000 465.927429199
209.000000000 465.927429199
208.000000000 465.927429199
207.000000000 465.927429199
206.000000000 465.927429199
205.000000000 465.927429199
204.000000000 465.927429199
203.000000000 465.927429199
202.000000000 465.927429199
201.000000000 465.927429199
200.000000000 465.927429199
199.000000000 465.927429199
198.000000000 465.927429199
197.000000000 465.927429199
196.000000000 465.927429199
195.000000000 465.927429199
194.000000000 465.927429199
193.000000000 465.927429199
192.000000000 465.927429199
191.000000000 465.927429199
190.000000000 465.927429199
189.000000000 465.927429199
188.000000000 465.927429199
187.000000000 465.927429199
186.000000000 465.927429199
185.000000000 465.927429199
184.000000000 465.927429199
183.000000000 465.927429199
182.000000000 465.927429199
181.000000000 465.927429199
180.000000000 465.927429199
