260.000000000 414.169555664
259.000000000 414.169555664
258.000000000 414.169555664
257.000000000 414.169555664
256.000000000 414.169555664
255.000000000 414.169555664
254.000000000 414.169555664
253.000000000 414.169555664
252.000000000 414.169555664
251.000000000 414.169555664
250.000000000 414.169555664
249.000000000 414.169555664
248.000000000 414.169555664
247.000000000 414.169555664
246.000000000 414.169555664
245.000000000 414.169555664
244.000000000 414.169555664
243.000000000 414.169555664
242.000000000 414.169555664
241.000000000 434.834991455
240.000000000 434.834991455
239.000000000 434.834991455
238.000000000 434.834991455
237.000000000 434.834991455
236.000000000 434.834991455
235.000000000 434.834991455
234.000000000 434.834991455
233.000000000 458.616790771
232.000000000 458.616790771
231.000000000 458.616790771
230.000000000 458.616790771
229.000000000 458.616790771
228.000000000 458.616790771
227.000000000 484.054534912
226.000000000 484.054534912
225.000000000 484.054534912
224.000000000 484.054534912
223.000000000 484.054534912
222.000000000 484.054534912
221.000000000 510.527832031
220.000000000 510.527832031
219.000000000 510.527832031
218.000000000 510.527832031
217.000000000 510.527832031
216.000000000 510.527832031
215.000000000 536.848510742
214.000000000 536.848510742
213.000000000 536.848510742
212.000000000 536.848510742
211.000000000 563.815979004
210.000000000 563.815979004
209.000000000 563.815979004
208.000000000 596.119262695
207.000000000 596.119262695
206.000000000 596.119262695
205.000000000 637.380249023
204.000000000 637.380249023
203.000000000 637.380249023
202.000000000 669.794372559
201.000000000 669.794372559
200.000000000 669.794372559
199.000000000 721.604187012
198.000000000 721.604187012
197.000000000 721.604187012
196.000000000 721.604187012
195.000000000 721.604187012
194.000000000 721.604187012
193.000000000 721.604187012
192.000000000 720.736999512
191.000000000 720.736999512
190.000000000 720.736999512
189.000000000 720.736999512
188.000000000 720.736999512
187.000000000 720.736999512
186.000000000 720.736999512
185.000000000 720.736999512
184.000000000 723.447631836
183.000000000 723.447631836
182.000000000 737.160156250
181.000000000 737.160156250
180.000000000 737.160156250
