260.000000000 414.169555664
259.000000000 414.169555664
258.000000000 414.169555664
257.000000000 414.169555664
256.000000000 414.169555664
255.000000000 414.169555664
254.000000000 414.169555664
253.000000000 414.169555664
252.000000000 414.169555664
251.000000000 414.169555664
250.000000000 414.169555664
249.000000000 414.169555664
248.000000000 414.169555664
247.000000000 414.169555664
246.000000000 414.169555664
245.000000000 414.169555664
244.000000000 414.169555664
243.000000000 414.169555664
242.000000000 414.169555664
241.000000000 434.257904053
240.000000000 434.257904053
239.000000000 434.257904053
238.000000000 434.257904053
237.000000000 434.257904053
236.000000000 434.257904053
235.000000000 434.257904053
234.000000000 434.257904053
233.000000000 457.717437744
232.000000000 457.717437744
231.000000000 457.717437744
230.000000000 457.717437744
229.000000000 457.717437744
228.000000000 479.843322754
227.000000000 479.843322754
226.000000000 479.843322754
225.000000000 479.843322754
224.000000000 479.843322754
223.000000000 479.843322754
222.000000000 506.977020264
221.000000000 506.977020264
220.000000000 506.977020264
219.000000000 506.977020264
218.000000000 506.977020264
217.000000000 506.977020264
216.000000000 533.978210449
215.000000000 533.978210449
214.000000000 533.978210449
213.000000000 533.978210449
212.000000000 533.978210449
211.000000000 565.897094727
210.000000000 565.897094727
209.000000000 565.897094727
208.000000000 595.147216797
207.000000000 595.147216797
206.000000000 595.147216797
205.000000000 626.841430664
204.000000000 626.841430664
203.000000000 657.923278809
202.000000000 657.923278809
201.000000000 657.923278809
200.000000000 657.923278809
199.000000000 709.870605469
198.000000000 709.870605469
197.000000000 709.870605469
196.000000000 743.613403320
195.000000000 719.571228027
194.000000000 719.571228027
193.000000000 719.571228027
192.000000000 719.571228027
191.000000000 719.571228027
190.000000000 719.571228027
189.000000000 719.571228027
188.000000000 728.787109375
187.000000000 728.787109375
186.000000000 728.787109375
185.000000000 728.787109375
184.000000000 728.787109375
183.000000000 728.787109375
182.000000000 728.787109375
181.000000000 728.787109375
180.000000000 728.787109375
