260.000000000 414.169555664
259.000000000 414.169555664
258.000000000 414.169555664
257.000000000 414.169555664
256.000000000 414.169555664
255.000000000 414.169555664
254.000000000 414.169555664
253.000000000 414.169555664
252.000000000 414.169555664
251.000000000 414.169555664
250.000000000 414.169555664
249.000000000 414.169555664
248.000000000 414.169555664
247.000000000 414.169555664
246.000000000 414.169555664
245.000000000 414.169555664
244.000000000 414.169555664
243.000000000 414.169555664
242.000000000 414.169555664
241.000000000 434.553771973
240.000000000 434.553771973
239.000000000 434.553771973
238.000000000 434.553771973
237.000000000 434.553771973
236.000000000 434.553771973
235.000000000 434.553771973
234.000000000 434.553771973
233.000000000 457.797882080
232.000000000 457.797882080
231.000000000 457.797882080
230.000000000 457.797882080
229.000000000 457.797882080
228.000000000 457.797882080
227.000000000 483.053527832
226.000000000 483.053527832
225.000000000 483.053527832
224.000000000 483.053527832
223.000000000 483.053527832
222.000000000 505.658569336
221.000000000 505.658569336
220.000000000 505.658569336
219.000000000 505.658569336
218.000000000 505.658569336
217.000000000 505.658569336
216.000000000 534.154174805
215.000000000 534.154174805
214.000000000 534.154174805
213.000000000 534.154174805
212.000000000 534.154174805
211.000000000 564.244018555
210.000000000 564.244018555
209.000000000 564.244018555
208.000000000 594.664611816
207.000000000 594.664611816
206.000000000 594.664611816
205.000000000 631.542053223
204.000000000 631.542053223
203.000000000 666.358642578
202.000000000 666.358642578
201.000000000 666.358642578
200.000000000 712.155883789
199.000000000 712.155883789
198.000000000 712.155883789
197.000000000 712.155883789
196.000000000 712.155883789
195.000000000 712.155883789
194.000000000 712.155883789
193.000000000 712.155883789
192.000000000 753.012451172
191.000000000 753.012451172
190.000000000 753.012451172
189.000000000 753.012451172
188.000000000 753.012451172
187.000000000 753.012451172
186.000000000 753.012451172
185.000000000 718.952636719
184.000000000 718.952636719
183.000000000 718.952636719
182.000000000 718.952636719
181.000000000 764.020996094
180.000000000 722.304931641
