260.000000000 0.144099615
259.000000000 0.159884492
258.000000000 -0.153413284
257.000000000 0.472034899
256.000000000 0.622732238
255.000000000 0.319693121
254.000000000 0.487911998
253.000000000 -0.122096862
252.000000000 1.303183000
251.000000000 0.837971010
250.000000000 -0.048726593
249.000000000 0.534282873
248.000000000 0.830676564
247.000000000 1.953751154
246.000000000 0.397412617
245.000000000 1.031127764
244.000000000 1.157921278
243.000000000 0.125444047
242.000000000 1.539301852
241.000000000 1.348213454
240.000000000 0.242288220
239.000000000 0.816358646
238.000000000 -0.494725681
237.000000000 0.177971480
236.000000000 -0.302643957
235.000000000 -0.994669076
234.000000000 -0.132245981
233.000000000 0.146201511
232.000000000 -0.432796811
231.000000000 -1.339245915
230.000000000 -2.445228385
229.000000000 -1.715159389
228.000000000 -3.960772698
227.000000000 -2.494307894
226.000000000 -3.064735528
225.000000000 -2.189793102
224.000000000 -2.085468545
223.000000000 -1.821318767
222.000000000 -3.374909666
221.000000000 -4.684178574
220.000000000 -6.011320183
219.000000000 -5.901107401
218.000000000 -5.389471276
217.000000000 -6.353193235
216.000000000 -7.813846077
215.000000000 -9.590063414
214.000000000 -7.758137669
213.000000000 -4.692556059
212.000000000 -4.260751980
211.000000000 -6.117338591
210.000000000 -7.218881926
209.000000000 -5.153118709
208.000000000 0.176571884
207.000000000 -0.657693940
206.000000000 5.396344455
205.000000000 2.586589035
204.000000000 4.276457467
203.000000000 5.327485496
202.000000000 2.708244681
201.000000000 8.445295968
200.000000000 1.484687316
199.000000000 4.250091636
198.000000000 6.268416556
197.000000000 -1.266389616
196.000000000 5.353963970
195.000000000 -1.314395514
194.000000000 3.087555250
193.000000000 1.798953585
192.000000000 -4.122153357
191.000000000 -1.695423528
190.000000000 -3.293118673
189.000000000 0.614891506
188.000000000 0.297650441
187.000000000 0.173356738
186.000000000 -3.772841626
185.000000000 -9.717145316
184.000000000 6.055983515
183.000000000 3.959128082
182.000000000 3.812954404
181.000000000 -5.080808172
180.000000000 -0.618326574
