260.000000000 0.836225322
259.000000000 -0.398978723
258.000000000 0.579645095
257.000000000 1.511079305
256.000000000 0.274432033
255.000000000 0.770234725
254.000000000 0.936462059
253.000000000 0.988156435
252.000000000 0.247559900
251.000000000 0.482201851
250.000000000 0.662546615
249.000000000 0.941495523
248.000000000 -0.274055237
247.000000000 0.229454338
246.000000000 -0.095312701
245.000000000 1.032425251
244.000000000 1.021663037
243.000000000 0.916324516
242.000000000 0.712276292
241.000000000 0.019973023
240.000000000 1.037185171
239.000000000 0.317182732
238.000000000 -0.694269333
237.000000000 0.412063642
236.000000000 0.370980072
235.000000000 0.969243930
234.000000000 0.131612327
233.000000000 -1.409718661
232.000000000 -0.198276390
231.000000000 -1.698035153
230.000000000 -2.924421728
229.000000000 -3.140650212
228.000000000 -2.079998271
227.000000000 -2.751051030
226.000000000 -3.501318264
225.000000000 -3.460637259
224.000000000 -1.454763900
223.000000000 -3.978117613
222.000000000 -3.704469345
221.000000000 -5.044066057
220.000000000 -5.834314478
219.000000000 -5.866647979
218.000000000 -4.245633831
217.000000000 -5.005994337
216.000000000 -4.207786941
215.000000000 -6.791864641
214.000000000 -5.595863022
213.000000000 -9.559918242
212.000000000 -5.552924268
211.000000000 -7.293923234
210.000000000 -3.846374591
209.000000000 -3.351497455
208.000000000 -0.754288685
207.000000000 1.782468164
206.000000000 1.743915784
205.000000000 3.837016885
204.000000000 2.317515926
203.000000000 0.828603367
202.000000000 4.720182934
201.000000000 -0.363616491
200.000000000 2.341308448
199.000000000 0.184323937
198.000000000 4.355961425
197.000000000 6.699228399
196.000000000 -8.877915098
195.000000000 0.414768426
194.000000000 2.869402108
193.000000000 -2.293851766
192.000000000 -1.303866976
191.000000000 2.972939205
190.000000000 -11.561930585
189.000000000 0.277644135
188.000000000 3.557798629
187.000000000 -10.503584091
186.000000000 -1.883001746
185.000000000 2.143653489
184.000000000 0.878680216
183.000000000 -8.821041716
182.000000000 -1.271787740
181.000000000 -9.154575739
180.000000000 -3.351821254
