260.000000000 0.379382086
259.000000000 0.187638993
258.000000000 0.672239541
257.000000000 0.237377554
256.000000000 1.520629643
255.000000000 -0.084048280
254.000000000 1.471144489
253.000000000 0.852065913
252.000000000 0.216447345
251.000000000 0.931213478
250.000000000 1.347432460
249.000000000 -0.531968093
248.000000000 0.458263071
247.000000000 0.400440892
246.000000000 1.444979576
245.000000000 0.698182195
244.000000000 0.816422445
243.000000000 0.450090918
242.000000000 0.633355027
241.000000000 1.178272603
240.000000000 0.698790969
239.000000000 0.088450909
238.000000000 0.916543332
237.000000000 -0.279285607
236.000000000 0.308083411
235.000000000 0.007803508
234.000000000 -0.518235764
233.000000000 1.004618294
232.000000000 -0.324956922
231.000000000 -0.834015978
230.000000000 -1.821930428
229.000000000 -1.319527302
228.000000000 -2.688516892
227.000000000 -2.017638937
226.000000000 -2.645989650
225.000000000 -4.562138296
224.000000000 -4.135616067
223.000000000 -2.501852577
222.000000000 -3.237659426
221.000000000 -2.875338057
220.000000000 -5.782094618
219.000000000 -6.755364655
218.000000000 -4.772081269
217.000000000 -5.976153206
216.000000000 -6.657181629
215.000000000 -6.660129104
214.000000000 -7.752163590
213.000000000 -6.087093742
212.000000000 -10.517968101
211.000000000 -6.075820076
210.000000000 -3.316230998
209.000000000 -0.373903739
208.000000000 -3.811587640
207.000000000 0.310462741
206.000000000 3.773786013
205.000000000 6.181558652
204.000000000 2.797085541
203.000000000 6.444495107
202.000000000 8.898156004
201.000000000 6.596566909
200.000000000 -3.315187649
199.000000000 5.667021524
198.000000000 1.830759536
197.000000000 3.268020715
196.000000000 4.437207369
195.000000000 -0.219965943
194.000000000 3.765168179
193.000000000 -3.107440184
192.000000000 4.274241059
191.000000000 8.316862220
190.000000000 -3.641642657
189.000000000 -2.901094510
188.000000000 -2.369718581
187.000000000 -3.117584378
186.000000000 -0.011930663
185.000000000 -3.717007831
184.000000000 3.654769485
183.000000000 -0.027180620
182.000000000 10.377558747
181.000000000 -4.457661462
180.000000000 -3.455885365
