260.000000000 417.675231934
259.000000000 417.675231934
258.000000000 417.675231934
257.000000000 417.675231934
256.000000000 417.675231934
255.000000000 417.675231934
254.000000000 417.675231934
253.000000000 417.675231934
252.000000000 417.675231934
251.000000000 417.675231934
250.000000000 417.675231934
249.000000000 417.675231934
248.000000000 417.675231934
247.000000000 417.675231934
246.000000000 417.675231934
245.000000000 417.675231934
244.000000000 438.187774658
243.000000000 438.187774658
242.000000000 438.187774658
241.000000000 438.187774658
240.000000000 438.187774658
239.000000000 438.187774658
238.000000000 438.187774658
237.000000000 438.187774658
236.000000000 459.603546143
235.000000000 459.603546143
234.000000000 459.603546143
233.000000000 459.603546143
232.000000000 481.777191162
231.000000000 481.777191162
230.000000000 481.777191162
229.000000000 481.777191162
228.000000000 508.044006348
227.000000000 508.044006348
226.000000000 508.044006348
225.000000000 508.044006348
224.000000000 532.319946289
223.000000000 532.319946289
222.000000000 532.319946289
221.000000000 532.319946289
220.000000000 532.319946289
219.000000000 560.835021973
218.000000000 560.835021973
217.000000000 560.835021973
216.000000000 560.835021973
215.000000000 587.684631348
214.000000000 587.684631348
213.000000000 587.684631348
212.000000000 587.684631348
211.000000000 619.166503906
210.000000000 619.166503906
209.000000000 653.361511230
208.000000000 653.361511230
207.000000000 653.361511230
206.000000000 697.595275879
205.000000000 697.595275879
204.000000000 697.595275879
203.000000000 697.595275879
202.000000000 726.231933594
201.000000000 726.231933594
200.000000000 726.231933594
199.000000000 769.711303711
198.000000000 769.711303711
197.000000000 734.235900879
196.000000000 775.870422363
195.000000000 749.231689453
194.000000000 749.231689453
193.000000000 749.231689453
192.000000000 749.231689453
191.000000000 749.231689453
190.000000000 749.231689453
189.000000000 749.231689453
188.000000000 749.231689453
187.000000000 749.231689453
186.000000000 749.231689453
185.000000000 749.231689453
184.000000000 749.231689453
183.000000000 749.231689453
182.000000000 749.231689453
181.000000000 749.231689453
180.000000000 749.231689453
