260.000000000 459.637115479
259.000000000 459.637115479
258.000000000 459.637115479
257.000000000 459.637115479
256.000000000 459.637115479
255.000000000 459.637115479
254.000000000 459.637115479
253.000000000 459.637115479
252.000000000 459.637115479
251.000000000 459.637115479
250.000000000 459.637115479
249.000000000 459.637115479
248.000000000 459.637115479
247.000000000 483.435302734
246.000000000 483.435302734
245.000000000 483.435302734
244.000000000 483.435302734
243.000000000 483.435302734
242.000000000 483.435302734
241.000000000 483.435302734
240.000000000 483.435302734
239.000000000 483.435302734
238.000000000 508.123474121
237.000000000 508.123474121
236.000000000 508.123474121
235.000000000 508.123474121
234.000000000 508.123474121
233.000000000 537.640563965
232.000000000 537.640563965
231.000000000 537.640563965
230.000000000 537.640563965
229.000000000 567.841064453
228.000000000 567.841064453
227.000000000 567.841064453
226.000000000 567.841064453
225.000000000 595.720825195
224.000000000 595.720825195
223.000000000 595.720825195
222.000000000 595.720825195
221.000000000 595.720825195
220.000000000 630.814270020
219.000000000 630.814270020
218.000000000 630.814270020
217.000000000 630.814270020
216.000000000 630.814270020
215.000000000 671.066101074
214.000000000 671.066101074
213.000000000 671.066101074
212.000000000 671.066101074
211.000000000 717.107299805
210.000000000 717.107299805
209.000000000 717.107299805
208.000000000 779.282165527
207.000000000 779.282165527
206.000000000 779.282165527
205.000000000 835.386291504
204.000000000 835.386291504
203.000000000 885.469055176
202.000000000 885.469055176
201.000000000 897.473815918
200.000000000 897.473815918
199.000000000 897.473815918
198.000000000 897.473815918
197.000000000 970.566101074
196.000000000 970.566101074
195.000000000 919.715209961
194.000000000 919.715209961
193.000000000 919.715209961
192.000000000 967.503234863
191.000000000 916.979248047
190.000000000 916.979248047
189.000000000 969.707580566
188.000000000 924.722534180
187.000000000 924.722534180
186.000000000 924.722534180
185.000000000 924.722534180
184.000000000 924.722534180
183.000000000 924.722534180
182.000000000 924.722534180
181.000000000 924.722534180
180.000000000 924.722534180
