260.000000000 459.637115479
259.000000000 459.637115479
258.000000000 459.637115479
257.000000000 459.637115479
256.000000000 459.637115479
255.000000000 459.637115479
254.000000000 459.637115479
253.000000000 459.637115479
252.000000000 459.637115479
251.000000000 459.637115479
250.000000000 459.637115479
249.000000000 459.637115479
248.000000000 482.041625977
247.000000000 482.041625977
246.000000000 482.041625977
245.000000000 482.041625977
244.000000000 482.041625977
243.000000000 482.041625977
242.000000000 482.041625977
241.000000000 482.041625977
240.000000000 482.041625977
239.000000000 482.041625977
238.000000000 508.554290771
237.000000000 508.554290771
236.000000000 508.554290771
235.000000000 508.554290771
234.000000000 508.554290771
233.000000000 537.331115723
232.000000000 537.331115723
231.000000000 537.331115723
230.000000000 537.331115723
229.000000000 566.452453613
228.000000000 566.452453613
227.000000000 566.452453613
226.000000000 566.452453613
225.000000000 594.675598145
224.000000000 594.675598145
223.000000000 594.675598145
222.000000000 594.675598145
221.000000000 594.675598145
220.000000000 628.707275391
219.000000000 628.707275391
218.000000000 628.707275391
217.000000000 628.707275391
216.000000000 628.707275391
215.000000000 667.708679199
214.000000000 667.708679199
213.000000000 667.708679199
212.000000000 700.145080566
211.000000000 700.145080566
210.000000000 700.145080566
209.000000000 754.868957520
208.000000000 754.868957520
207.000000000 754.868957520
206.000000000 823.703979492
205.000000000 823.703979492
204.000000000 869.570922852
203.000000000 869.570922852
202.000000000 872.715454102
201.000000000 872.715454102
200.000000000 872.715454102
199.000000000 928.083129883
198.000000000 928.083129883
197.000000000 928.083129883
196.000000000 928.083129883
195.000000000 928.083129883
194.000000000 928.083129883
193.000000000 928.083129883
192.000000000 928.083129883
191.000000000 928.083129883
190.000000000 928.083129883
189.000000000 928.083129883
188.000000000 928.083129883
187.000000000 928.083129883
186.000000000 928.083129883
185.000000000 928.083129883
184.000000000 928.083129883
183.000000000 928.083129883
182.000000000 928.083129883
181.000000000 928.083129883
180.000000000 928.083129883
