260.000000000 417.675231934
259.000000000 417.675231934
258.000000000 417.675231934
257.000000000 417.675231934
256.000000000 417.675231934
255.000000000 417.675231934
254.000000000 417.675231934
253.000000000 417.675231934
252.000000000 417.675231934
251.000000000 417.675231934
250.000000000 417.675231934
249.000000000 417.675231934
248.000000000 417.675231934
247.000000000 417.675231934
246.000000000 417.675231934
245.000000000 417.675231934
244.000000000 437.327484131
243.000000000 437.327484131
242.000000000 437.327484131
241.000000000 437.327484131
240.000000000 437.327484131
239.000000000 437.327484131
238.000000000 437.327484131
237.000000000 437.327484131
236.000000000 459.364929199
235.000000000 459.364929199
234.000000000 459.364929199
233.000000000 459.364929199
232.000000000 482.382629395
231.000000000 482.382629395
230.000000000 482.382629395
229.000000000 482.382629395
228.000000000 507.820587158
227.000000000 507.820587158
226.000000000 507.820587158
225.000000000 507.820587158
224.000000000 533.390136719
223.000000000 533.390136719
222.000000000 533.390136719
221.000000000 533.390136719
220.000000000 533.390136719
219.000000000 562.502197266
218.000000000 562.502197266
217.000000000 562.502197266
216.000000000 562.502197266
215.000000000 590.872497559
214.000000000 590.872497559
213.000000000 590.872497559
212.000000000 590.872497559
211.000000000 627.474731445
210.000000000 627.474731445
209.000000000 627.474731445
208.000000000 675.012451172
207.000000000 675.012451172
206.000000000 675.012451172
205.000000000 675.012451172
204.000000000 732.895568848
203.000000000 732.895568848
202.000000000 732.895568848
201.000000000 746.178100586
200.000000000 746.178100586
199.000000000 746.178100586
198.000000000 746.178100586
197.000000000 800.648803711
196.000000000 800.648803711
195.000000000 752.200195312
194.000000000 752.200195312
193.000000000 752.200195312
192.000000000 752.200195312
191.000000000 747.855468750
190.000000000 747.855468750
189.000000000 747.855468750
188.000000000 747.855468750
187.000000000 747.855468750
186.000000000 747.855468750
185.000000000 747.855468750
184.000000000 747.855468750
183.000000000 747.855468750
182.000000000 747.855468750
181.000000000 747.855468750
180.000000000 747.855468750
