260.000000000 417.675231934
259.000000000 417.675231934
258.000000000 417.675231934
257.000000000 417.675231934
256.000000000 417.675231934
255.000000000 417.675231934
254.000000000 417.675231934
253.000000000 417.675231934
252.000000000 417.675231934
251.000000000 417.675231934
250.000000000 417.675231934
249.000000000 417.675231934
248.000000000 417.675231934
247.000000000 417.675231934
246.000000000 417.675231934
245.000000000 417.675231934
244.000000000 438.289703369
243.000000000 438.289703369
242.000000000 438.289703369
241.000000000 438.289703369
240.000000000 438.289703369
239.000000000 438.289703369
238.000000000 438.289703369
237.000000000 438.289703369
236.000000000 459.558349609
235.000000000 459.558349609
234.000000000 459.558349609
233.000000000 459.558349609
232.000000000 482.542694092
231.000000000 482.542694092
230.000000000 482.542694092
229.000000000 482.542694092
228.000000000 506.967864990
227.000000000 506.967864990
226.000000000 506.967864990
225.000000000 506.967864990
224.000000000 506.967864990
223.000000000 535.960449219
222.000000000 535.960449219
221.000000000 535.960449219
220.000000000 535.960449219
219.000000000 535.960449219
218.000000000 568.060791016
217.000000000 568.060791016
216.000000000 568.060791016
215.000000000 568.060791016
214.000000000 568.060791016
213.000000000 600.745361328
212.000000000 600.745361328
211.000000000 600.745361328
210.000000000 630.254760742
209.000000000 630.254760742
208.000000000 630.254760742
207.000000000 665.945312500
206.000000000 665.945312500
205.000000000 707.543518066
204.000000000 707.543518066
203.000000000 707.543518066
202.000000000 707.543518066
201.000000000 707.543518066
200.000000000 707.543518066
199.000000000 748.657775879
198.000000000 748.657775879
197.000000000 748.657775879
196.000000000 748.657775879
195.000000000 748.657775879
194.000000000 748.657775879
193.000000000 748.657775879
192.000000000 748.657775879
191.000000000 748.657775879
190.000000000 748.657775879
189.000000000 748.657775879
188.000000000 748.657775879
187.000000000 748.657775879
186.000000000 748.657775879
185.000000000 748.657775879
184.000000000 748.657775879
183.000000000 748.657775879
182.000000000 748.657775879
181.000000000 748.657775879
180.000000000 748.657775879
