260.000000000 459.637115479
259.000000000 459.637115479
258.000000000 459.637115479
257.000000000 459.637115479
256.000000000 459.637115479
255.000000000 459.637115479
254.000000000 459.637115479
253.000000000 459.637115479
252.000000000 459.637115479
251.000000000 459.637115479
250.000000000 459.637115479
249.000000000 459.637115479
248.000000000 459.637115479
247.000000000 482.990051270
246.000000000 482.990051270
245.000000000 482.990051270
244.000000000 482.990051270
243.000000000 482.990051270
242.000000000 482.990051270
241.000000000 482.990051270
240.000000000 482.990051270
239.000000000 482.990051270
238.000000000 507.497772217
237.000000000 507.497772217
236.000000000 507.497772217
235.000000000 507.497772217
234.000000000 507.497772217
233.000000000 536.800231934
232.000000000 536.800231934
231.000000000 536.800231934
230.000000000 536.800231934
229.000000000 565.842468262
228.000000000 565.842468262
227.000000000 565.842468262
226.000000000 565.842468262
225.000000000 565.842468262
224.000000000 600.345581055
223.000000000 600.345581055
222.000000000 600.345581055
221.000000000 600.345581055
220.000000000 600.345581055
219.000000000 634.085449219
218.000000000 634.085449219
217.000000000 634.085449219
216.000000000 634.085449219
215.000000000 665.239379883
214.000000000 665.239379883
213.000000000 665.239379883
212.000000000 699.990051270
211.000000000 699.990051270
210.000000000 699.990051270
209.000000000 752.349060059
208.000000000 752.349060059
207.000000000 794.882141113
206.000000000 794.882141113
205.000000000 840.513549805
204.000000000 840.513549805
203.000000000 881.278869629
202.000000000 881.278869629
201.000000000 881.278869629
200.000000000 881.278869629
199.000000000 881.278869629
198.000000000 929.444458008
197.000000000 896.534973145
196.000000000 896.534973145
195.000000000 896.534973145
194.000000000 921.570800781
193.000000000 921.570800781
192.000000000 921.570800781
191.000000000 921.570800781
190.000000000 921.570800781
189.000000000 921.570800781
188.000000000 921.570800781
187.000000000 921.570800781
186.000000000 921.570800781
185.000000000 921.570800781
184.000000000 921.570800781
183.000000000 921.570800781
182.000000000 921.570800781
181.000000000 921.570800781
180.000000000 905.691162109
