260.000000000 -0.037474778
259.000000000 -0.089249515
258.000000000 0.410861148
257.000000000 0.700899648
256.000000000 0.461397588
255.000000000 0.583355210
254.000000000 0.063029564
253.000000000 0.089901685
252.000000000 -0.229066659
251.000000000 -0.605239737
250.000000000 0.292990246
249.000000000 0.200952786
248.000000000 -0.193574185
247.000000000 0.349836244
246.000000000 0.108002053
245.000000000 0.325271150
244.000000000 -0.475292235
243.000000000 -0.245215180
242.000000000 0.014752381
241.000000000 -0.725845968
240.000000000 0.641820163
239.000000000 -0.416263888
238.000000000 -0.936819892
237.000000000 -0.737738487
236.000000000 -1.305382062
235.000000000 -2.154200070
234.000000000 -1.867567058
233.000000000 -1.818666055
232.000000000 -1.658748529
231.000000000 -3.064188286
230.000000000 -5.235048203
229.000000000 -5.200817022
228.000000000 -7.130244495
227.000000000 -5.399638524
226.000000000 -5.806136383
225.000000000 -5.067720472
224.000000000 -7.583000796
223.000000000 -6.239943840
222.000000000 -7.093519288
221.000000000 -9.260946946
220.000000000 -7.707581449
219.000000000 -10.822458855
218.000000000 -12.221982659
217.000000000 -12.738184678
216.000000000 -15.096241076
215.000000000 -15.128190582
214.000000000 -11.445541397
213.000000000 -11.602976786
212.000000000 -10.073964424
211.000000000 -11.626745197
210.000000000 -8.937530533
209.000000000 0.535503287
208.000000000 -3.594652124
207.000000000 0.020095397
206.000000000 0.091604949
205.000000000 1.254617972
204.000000000 5.953458534
203.000000000 -0.873642383
202.000000000 12.575540106
201.000000000 6.940608186
200.000000000 5.470092327
199.000000000 -5.163480519
198.000000000 -0.915101220
197.000000000 -3.757022236
196.000000000 1.814677656
195.000000000 -1.546921884
194.000000000 1.318488040
193.000000000 0.738514131
192.000000000 2.154882991
191.000000000 4.563022380
190.000000000 -3.772124437
189.000000000 6.036360715
188.000000000 -2.924338897
187.000000000 -14.854116043
186.000000000 1.964143698
185.000000000 2.529326343
184.000000000 -0.999670551
183.000000000 1.801018227
182.000000000 1.978527511
181.000000000 5.790614437
180.000000000 7.476428292
