260.000000000 0.197614668
259.000000000 0.057358703
258.000000000 -0.007958395
257.000000000 -0.028484205
256.000000000 0.333700258
255.000000000 0.262485643
254.000000000 -0.183756264
253.000000000 -0.003988184
252.000000000 0.466367745
251.000000000 0.345230686
250.000000000 0.310809377
249.000000000 0.063245620
248.000000000 0.206950961
247.000000000 -0.011412911
246.000000000 -0.089234398
245.000000000 -0.005360606
244.000000000 -0.286751144
243.000000000 -0.299157361
242.000000000 -0.453426849
241.000000000 0.177336299
240.000000000 0.369631798
239.000000000 -0.305580373
238.000000000 -1.076258788
237.000000000 -0.633198231
236.000000000 -0.553130164
235.000000000 -1.444169062
234.000000000 -2.371124238
233.000000000 -1.607672998
232.000000000 -3.229219965
231.000000000 -3.983852886
230.000000000 -5.752417680
229.000000000 -6.299994774
228.000000000 -7.331290514
227.000000000 -7.684215783
226.000000000 -7.754987223
225.000000000 -4.965037046
224.000000000 -6.176220841
223.000000000 -6.659485397
222.000000000 -8.342280483
221.000000000 -9.627061375
220.000000000 -8.617148822
219.000000000 -10.873020738
218.000000000 -9.580037338
217.000000000 -13.674892078
216.000000000 -12.138329335
215.000000000 -13.251460394
214.000000000 -11.261325583
213.000000000 -10.862966847
212.000000000 -11.744063401
211.000000000 -8.535450299
210.000000000 -5.273184967
209.000000000 -3.457798492
208.000000000 -5.315321209
207.000000000 3.194606279
206.000000000 3.131467173
205.000000000 1.717765486
204.000000000 1.455221776
203.000000000 4.653430650
202.000000000 3.792107437
201.000000000 3.961510121
200.000000000 4.344665954
199.000000000 2.281580235
198.000000000 8.352285911
197.000000000 -3.610356751
196.000000000 -1.259388485
195.000000000 8.868343359
194.000000000 2.237373126
193.000000000 -0.519470442
192.000000000 -6.060313885
191.000000000 -1.194432915
190.000000000 7.192297074
189.000000000 2.804884339
188.000000000 -3.889932470
187.000000000 -2.095961954
186.000000000 -2.430834932
185.000000000 -2.409354652
184.000000000 -1.715373929
183.000000000 -3.516383902
182.000000000 4.170647056
181.000000000 -3.933787579
180.000000000 8.759432530
