260.000000000 0.000269114
259.000000000 0.723942040
258.000000000 0.069880548
257.000000000 0.395564273
256.000000000 0.347165383
255.000000000 0.714409872
254.000000000 -0.378292165
253.000000000 0.464863535
252.000000000 0.261982908
251.000000000 -0.558891733
250.000000000 0.426163592
249.000000000 -0.584349258
248.000000000 -0.089254263
247.000000000 0.881670020
246.000000000 -0.064598356
245.000000000 0.129223313
244.000000000 0.218115864
243.000000000 -0.193332864
242.000000000 -0.334528250
241.000000000 -1.332538386
240.000000000 -0.314114578
239.000000000 -0.378941899
238.000000000 -0.875045494
237.000000000 -2.241758529
236.000000000 -1.718733137
235.000000000 -1.445120438
234.000000000 -1.933809294
233.000000000 -2.475541854
232.000000000 -2.543315748
231.000000000 -2.558344165
230.000000000 -4.686204001
229.000000000 -6.770671554
228.000000000 -7.012035859
227.000000000 -8.343683484
226.000000000 -8.027228688
225.000000000 -6.264902066
224.000000000 -8.246592650
223.000000000 -5.583605215
222.000000000 -6.454675403
221.000000000 -9.009839297
220.000000000 -10.164690426
219.000000000 -10.981409337
218.000000000 -11.155980831
217.000000000 -13.325306107
216.000000000 -10.384748823
215.000000000 -9.538382976
214.000000000 -13.953391727
213.000000000 -8.936032741
212.000000000 -14.410617395
211.000000000 -10.702051260
210.000000000 -2.767680061
209.000000000 -2.238880485
208.000000000 -5.134043654
207.000000000 0.102970528
206.000000000 1.727666326
205.000000000 -1.502907453
204.000000000 10.141310650
203.000000000 -0.312661833
202.000000000 0.479581128
201.000000000 12.383232635
200.000000000 1.120862104
199.000000000 3.702199727
198.000000000 1.910604298
197.000000000 -6.196496902
196.000000000 -0.107650614
195.000000000 0.012732366
194.000000000 -10.277098156
193.000000000 0.450616152
192.000000000 0.683338739
191.000000000 -4.665123662
190.000000000 -3.454068988
189.000000000 2.247821886
188.000000000 -0.218805728
187.000000000 -6.406060360
186.000000000 7.333916698
185.000000000 -7.550459037
184.000000000 4.604736111
183.000000000 -3.527382153
182.000000000 6.981598478
181.000000000 -7.322888551
180.000000000 1.277374484
