260.000000000 417.675231934
259.000000000 417.675231934
258.000000000 417.675231934
257.000000000 417.675231934
256.000000000 417.675231934
255.000000000 417.675231934
254.000000000 417.675231934
253.000000000 417.675231934
252.000000000 417.675231934
251.000000000 417.675231934
250.000000000 417.675231934
249.000000000 417.675231934
248.000000000 417.675231934
247.000000000 417.675231934
246.000000000 417.675231934
245.000000000 417.675231934
244.000000000 438.733428955
243.000000000 438.733428955
242.000000000 438.733428955
241.000000000 438.733428955
240.000000000 438.733428955
239.000000000 438.733428955
238.000000000 438.733428955
237.000000000 438.733428955
236.000000000 459.569305420
235.000000000 459.569305420
234.000000000 459.569305420
233.000000000 459.569305420
232.000000000 482.279907227
231.000000000 482.279907227
230.000000000 482.279907227
229.000000000 482.279907227
228.000000000 507.195739746
227.000000000 507.195739746
226.000000000 507.195739746
225.000000000 507.195739746
224.000000000 531.283508301
223.000000000 531.283508301
222.000000000 531.283508301
221.000000000 531.283508301
220.000000000 531.283508301
219.000000000 561.128967285
218.000000000 561.128967285
217.000000000 561.128967285
216.000000000 561.128967285
215.000000000 561.128967285
214.000000000 591.911560059
213.000000000 591.911560059
212.000000000 591.911560059
211.000000000 623.721557617
210.000000000 623.721557617
209.000000000 623.721557617
208.000000000 659.069396973
207.000000000 659.069396973
206.000000000 659.069396973
205.000000000 708.949584961
204.000000000 708.949584961
203.000000000 708.949584961
202.000000000 708.949584961
201.000000000 719.443115234
200.000000000 760.981079102
199.000000000 760.981079102
198.000000000 760.981079102
197.000000000 760.981079102
196.000000000 760.981079102
195.000000000 729.580566406
194.000000000 729.580566406
193.000000000 729.580566406
192.000000000 729.580566406
191.000000000 733.164794922
190.000000000 733.164794922
189.000000000 733.164794922
188.000000000 733.164794922
187.000000000 763.674926758
186.000000000 763.674926758
185.000000000 735.440917969
184.000000000 735.440917969
183.000000000 735.440917969
182.000000000 735.440917969
181.000000000 735.440917969
180.000000000 735.440917969
