260.000000000 417.675231934
259.000000000 417.675231934
258.000000000 417.675231934
257.000000000 417.675231934
256.000000000 417.675231934
255.000000000 417.675231934
254.000000000 417.675231934
253.000000000 417.675231934
252.000000000 417.675231934
251.000000000 417.675231934
250.000000000 417.675231934
249.000000000 417.675231934
248.000000000 417.675231934
247.000000000 417.675231934
246.000000000 417.675231934
245.000000000 417.675231934
244.000000000 438.225738525
243.000000000 438.225738525
242.000000000 438.225738525
241.000000000 438.225738525
240.000000000 438.225738525
239.000000000 438.225738525
238.000000000 438.225738525
237.000000000 438.225738525
236.000000000 459.642425537
235.000000000 459.642425537
234.000000000 459.642425537
233.000000000 459.642425537
232.000000000 482.171142578
231.000000000 482.171142578
230.000000000 482.171142578
229.000000000 482.171142578
228.000000000 506.525238037
227.000000000 506.525238037
226.000000000 506.525238037
225.000000000 506.525238037
224.000000000 531.920410156
223.000000000 531.920410156
222.000000000 531.920410156
221.000000000 531.920410156
220.000000000 531.920410156
219.000000000 559.618774414
218.000000000 559.618774414
217.000000000 559.618774414
216.000000000 559.618774414
215.000000000 586.828308105
214.000000000 586.828308105
213.000000000 586.828308105
212.000000000 586.828308105
211.000000000 619.906982422
210.000000000 619.906982422
209.000000000 650.389953613
208.000000000 650.389953613
207.000000000 650.389953613
206.000000000 650.389953613
205.000000000 695.639160156
204.000000000 695.639160156
203.000000000 695.639160156
202.000000000 695.639160156
201.000000000 740.404357910
200.000000000 740.404357910
199.000000000 740.404357910
198.000000000 740.404357910
197.000000000 740.404357910
196.000000000 740.404357910
195.000000000 740.404357910
194.000000000 740.404357910
193.000000000 740.404357910
192.000000000 740.404357910
191.000000000 740.404357910
190.000000000 740.404357910
189.000000000 740.404357910
188.000000000 740.404357910
187.000000000 740.404357910
186.000000000 740.404357910
185.000000000 740.404357910
184.000000000 740.404357910
183.000000000 740.404357910
182.000000000 740.404357910
181.000000000 740.404357910
180.000000000 740.404357910
