260.000000000 417.675231934
259.000000000 417.675231934
258.000000000 417.675231934
257.000000000 417.675231934
256.000000000 417.675231934
255.000000000 417.675231934
254.000000000 417.675231934
253.000000000 417.675231934
252.000000000 417.675231934
251.000000000 417.675231934
250.000000000 417.675231934
249.000000000 417.675231934
248.000000000 417.675231934
247.000000000 417.675231934
246.000000000 417.675231934
245.000000000 417.675231934
244.000000000 439.239013672
243.000000000 439.239013672
242.000000000 439.239013672
241.000000000 439.239013672
240.000000000 439.239013672
239.000000000 439.239013672
238.000000000 439.239013672
237.000000000 439.239013672
236.000000000 459.871551514
235.000000000 459.871551514
234.000000000 459.871551514
233.000000000 459.871551514
232.000000000 482.365539551
231.000000000 482.365539551
230.000000000 482.365539551
229.000000000 482.365539551
228.000000000 507.777282715
227.000000000 507.777282715
226.000000000 507.777282715
225.000000000 507.777282715
224.000000000 532.299621582
223.000000000 532.299621582
222.000000000 532.299621582
221.000000000 532.299621582
220.000000000 532.299621582
219.000000000 559.322387695
218.000000000 559.322387695
217.000000000 559.322387695
216.000000000 559.322387695
215.000000000 559.322387695
214.000000000 594.388488770
213.000000000 594.388488770
212.000000000 594.388488770
211.000000000 622.866027832
210.000000000 622.866027832
209.000000000 622.866027832
208.000000000 653.705688477
207.000000000 653.705688477
206.000000000 692.278808594
205.000000000 692.278808594
204.000000000 692.278808594
203.000000000 726.489562988
202.000000000 726.489562988
201.000000000 726.489562988
200.000000000 733.298828125
199.000000000 733.298828125
198.000000000 744.204467773
197.000000000 744.204467773
196.000000000 744.204467773
195.000000000 744.204467773
194.000000000 744.204467773
193.000000000 744.204467773
192.000000000 744.204467773
191.000000000 744.204467773
190.000000000 744.204467773
189.000000000 744.204467773
188.000000000 744.204467773
187.000000000 744.204467773
186.000000000 744.204467773
185.000000000 744.204467773
184.000000000 744.204467773
183.000000000 744.204467773
182.000000000 744.204467773
181.000000000 744.204467773
180.000000000 744.204467773
