260.000000000 1.346536180
259.000000000 0.414178500
258.000000000 0.826437103
257.000000000 1.612591188
256.000000000 1.027851250
255.000000000 -0.491470460
254.000000000 -0.179160786
253.000000000 0.968951935
252.000000000 0.915185294
251.000000000 0.861426985
250.000000000 1.012756749
249.000000000 0.985900134
248.000000000 0.313371629
247.000000000 0.069143086
246.000000000 0.849151215
245.000000000 1.233468166
244.000000000 1.504942479
243.000000000 0.321427190
242.000000000 1.222267382
241.000000000 0.431174653
240.000000000 0.961297598
239.000000000 0.044571823
238.000000000 0.460346156
237.000000000 0.462909021
236.000000000 -1.195141787
235.000000000 -0.764663671
234.000000000 -0.370583826
233.000000000 -1.197442676
232.000000000 -1.446565365
231.000000000 -3.132096258
230.000000000 -4.072769353
229.000000000 -4.523804163
228.000000000 -4.465111142
227.000000000 -6.565170173
226.000000000 -5.304642172
225.000000000 -5.322873569
224.000000000 -7.038420992
223.000000000 -4.892392047
222.000000000 -10.080209197
221.000000000 -3.273252800
220.000000000 -8.546984659
219.000000000 -11.127850503
218.000000000 -11.599656874
217.000000000 -8.315020001
216.000000000 -7.917604444
215.000000000 -8.813479052
214.000000000 -9.449622272
213.000000000 -8.655980178
212.000000000 -5.316223587
211.000000000 -11.766207514
210.000000000 -7.246492602
209.000000000 -2.272888382
208.000000000 -0.558271676
207.000000000 3.042031748
206.000000000 3.497288858
205.000000000 5.105498941
204.000000000 0.565258230
203.000000000 3.560453962
202.000000000 2.942421021
201.000000000 -1.806245220
200.000000000 2.180044104
199.000000000 4.284899650
198.000000000 0.138978858
197.000000000 -1.583687867
196.000000000 1.550947358
195.000000000 -1.563896747
194.000000000 -5.149264350
193.000000000 1.311602931
192.000000000 10.474689661
191.000000000 -5.063486723
190.000000000 -11.947798000
189.000000000 -0.367386579
188.000000000 -12.598927812
187.000000000 5.495194413
186.000000000 4.505536935
185.000000000 7.218778847
184.000000000 -1.827023737
183.000000000 1.965784394
182.000000000 -6.485674848
181.000000000 1.695157669
180.000000000 -5.660106988
