260.000000000 0.695465198
259.000000000 0.584652964
258.000000000 0.212800211
257.000000000 0.770120363
256.000000000 0.819034172
255.000000000 0.547629112
254.000000000 0.707483337
253.000000000 0.807958307
252.000000000 -0.429159393
251.000000000 0.551919072
250.000000000 -0.117806989
249.000000000 1.109606432
248.000000000 0.825957893
247.000000000 0.779074888
246.000000000 0.354269288
245.000000000 1.305028683
244.000000000 0.642870936
243.000000000 0.104820370
242.000000000 1.354934704
241.000000000 0.846571338
240.000000000 -0.115851218
239.000000000 0.140038997
238.000000000 0.059771297
237.000000000 -0.588338333
236.000000000 -0.173879440
235.000000000 -0.892611183
234.000000000 0.408598801
233.000000000 -1.542052008
232.000000000 -2.178984447
231.000000000 -2.912115837
230.000000000 -3.989474866
229.000000000 -5.466989033
228.000000000 -4.621020751
227.000000000 -6.313244322
226.000000000 -5.843272190
225.000000000 -5.507896458
224.000000000 -5.999239291
223.000000000 -7.883259282
222.000000000 -4.994684422
221.000000000 -7.273328577
220.000000000 -11.215365179
219.000000000 -6.315500533
218.000000000 -8.818140103
217.000000000 -9.885444921
216.000000000 -9.174981876
215.000000000 -7.352439955
214.000000000 -10.996995017
213.000000000 -8.743196829
212.000000000 -4.740761330
211.000000000 -6.097842523
210.000000000 -9.017646229
209.000000000 -5.147844673
208.000000000 -5.489082196
207.000000000 -3.974952494
206.000000000 3.404945814
205.000000000 -0.882322451
204.000000000 2.278670989
203.000000000 4.621081732
202.000000000 0.191368186
201.000000000 12.222404364
200.000000000 -2.551296122
199.000000000 7.578083927
198.000000000 -6.958668668
197.000000000 -3.378412321
196.000000000 8.556881555
195.000000000 6.214509064
194.000000000 -0.148889984
193.000000000 6.732259506
192.000000000 4.412446833
191.000000000 6.506487541
190.000000000 1.770830677
189.000000000 -0.127314768
188.000000000 -3.529073364
187.000000000 -0.376769090
186.000000000 4.291388011
185.000000000 -4.584071176
184.000000000 0.639326336
183.000000000 -2.843586697
182.000000000 -2.873610690
181.000000000 0.991274699
180.000000000 -8.090069041
