260.000000000 0.616488993
259.000000000 1.329549166
258.000000000 0.886115227
257.000000000 -0.290961573
256.000000000 -0.114547866
255.000000000 0.486083947
254.000000000 0.877359802
253.000000000 0.605916512
252.000000000 1.129951098
251.000000000 0.202963656
250.000000000 0.252885568
249.000000000 1.623681906
248.000000000 1.155210818
247.000000000 0.872431271
246.000000000 1.721570108
245.000000000 0.071980662
244.000000000 0.350066263
243.000000000 -0.535906807
242.000000000 0.429374105
241.000000000 0.025686698
240.000000000 0.159111208
239.000000000 -0.245501076
238.000000000 -0.133963921
237.000000000 -0.596892485
236.000000000 -0.608104757
235.000000000 -1.159496638
234.000000000 -1.198789272
233.000000000 -1.278657476
232.000000000 -1.901573316
231.000000000 -3.491702123
230.000000000 -5.669803170
229.000000000 -3.217012720
228.000000000 -6.410975435
227.000000000 -6.366169523
226.000000000 -6.726345944
225.000000000 -5.432401579
224.000000000 -4.963548175
223.000000000 -8.514864291
222.000000000 -6.954734333
221.000000000 -6.643080074
220.000000000 -6.330412770
219.000000000 -7.550515580
218.000000000 -8.883496280
217.000000000 -9.472110859
216.000000000 -9.990497073
215.000000000 -9.977762634
214.000000000 -8.898562741
213.000000000 -7.961242317
212.000000000 -8.399786499
211.000000000 -7.809936582
210.000000000 -8.502278407
209.000000000 -6.462053279
208.000000000 -1.846395434
207.000000000 -0.177985090
206.000000000 5.413931451
205.000000000 5.218392849
204.000000000 5.813657323
203.000000000 12.989459011
202.000000000 6.797090779
201.000000000 2.273443532
200.000000000 7.066042743
199.000000000 -5.388873704
198.000000000 -5.431557776
197.000000000 4.059528609
196.000000000 0.685526350
195.000000000 4.929757210
194.000000000 5.584288907
193.000000000 0.041917618
192.000000000 -3.683489974
191.000000000 3.063809968
190.000000000 -4.433677433
189.000000000 -2.851011103
188.000000000 7.315186866
187.000000000 -0.322545288
186.000000000 -6.126718216
185.000000000 -9.621862205
184.000000000 1.203279015
183.000000000 -3.983714062
182.000000000 5.967309818
181.000000000 -1.763941763
180.000000000 0.884952455
