260.000000000 417.675231934
259.000000000 417.675231934
258.000000000 417.675231934
257.000000000 417.675231934
256.000000000 417.675231934
255.000000000 417.675231934
254.000000000 417.675231934
253.000000000 417.675231934
252.000000000 417.675231934
251.000000000 417.675231934
250.000000000 417.675231934
249.000000000 417.675231934
248.000000000 417.675231934
247.000000000 417.675231934
246.000000000 417.675231934
245.000000000 437.265289307
244.000000000 437.265289307
243.000000000 437.265289307
242.000000000 437.265289307
241.000000000 437.265289307
240.000000000 437.265289307
239.000000000 437.265289307
238.000000000 437.265289307
237.000000000 437.265289307
236.000000000 458.899566650
235.000000000 458.899566650
234.000000000 458.899566650
233.000000000 458.899566650
232.000000000 481.777038574
231.000000000 481.777038574
230.000000000 481.777038574
229.000000000 481.777038574
228.000000000 506.651336670
227.000000000 506.651336670
226.000000000 506.651336670
225.000000000 506.651336670
224.000000000 506.651336670
223.000000000 537.233947754
222.000000000 537.233947754
221.000000000 537.233947754
220.000000000 537.233947754
219.000000000 537.233947754
218.000000000 563.557006836
217.000000000 563.557006836
216.000000000 563.557006836
215.000000000 563.557006836
214.000000000 594.027893066
213.000000000 594.027893066
212.000000000 594.027893066
211.000000000 594.027893066
210.000000000 627.456726074
209.000000000 627.456726074
208.000000000 664.030578613
207.000000000 664.030578613
206.000000000 664.030578613
205.000000000 702.716308594
204.000000000 702.716308594
203.000000000 702.716308594
202.000000000 702.716308594
201.000000000 702.716308594
200.000000000 702.716308594
199.000000000 732.585693359
198.000000000 763.789184570
197.000000000 763.789184570
196.000000000 763.789184570
195.000000000 729.980712891
194.000000000 729.980712891
193.000000000 729.980712891
192.000000000 729.980712891
191.000000000 729.980712891
190.000000000 729.980712891
189.000000000 729.980712891
188.000000000 744.011474609
187.000000000 744.011474609
186.000000000 744.011474609
185.000000000 744.011474609
184.000000000 744.011474609
183.000000000 744.011474609
182.000000000 744.011474609
181.000000000 744.011474609
180.000000000 744.011474609
