260.000000000 459.637115479
259.000000000 459.637115479
258.000000000 482.118927002
257.000000000 482.118927002
256.000000000 482.118927002
255.000000000 482.118927002
254.000000000 482.118927002
253.000000000 482.118927002
252.000000000 482.118927002
251.000000000 482.118927002
250.000000000 482.118927002
249.000000000 482.118927002
248.000000000 482.118927002
247.000000000 482.118927002
246.000000000 505.659851074
245.000000000 505.659851074
244.000000000 505.659851074
243.000000000 505.659851074
242.000000000 505.659851074
241.000000000 505.659851074
240.000000000 505.659851074
239.000000000 505.659851074
238.000000000 505.659851074
237.000000000 533.298034668
236.000000000 533.298034668
235.000000000 533.298034668
234.000000000 533.298034668
233.000000000 533.298034668
232.000000000 566.145690918
231.000000000 566.145690918
230.000000000 566.145690918
229.000000000 566.145690918
228.000000000 596.405334473
227.000000000 596.405334473
226.000000000 596.405334473
225.000000000 596.405334473
224.000000000 596.405334473
223.000000000 631.834655762
222.000000000 631.834655762
221.000000000 631.834655762
220.000000000 631.834655762
219.000000000 631.834655762
218.000000000 666.548767090
217.000000000 666.548767090
216.000000000 666.548767090
215.000000000 666.548767090
214.000000000 700.696228027
213.000000000 700.696228027
212.000000000 700.696228027
211.000000000 735.119384766
210.000000000 735.119384766
209.000000000 773.342773438
208.000000000 773.342773438
207.000000000 773.342773438
206.000000000 841.015319824
205.000000000 841.015319824
204.000000000 846.095825195
203.000000000 858.400634766
202.000000000 858.400634766
201.000000000 875.648681641
200.000000000 875.648681641
199.000000000 875.648681641
198.000000000 941.440795898
197.000000000 905.422668457
196.000000000 905.422668457
195.000000000 905.422668457
194.000000000 905.422668457
193.000000000 905.422668457
192.000000000 905.422668457
191.000000000 905.422668457
190.000000000 905.422668457
189.000000000 905.422668457
188.000000000 905.422668457
187.000000000 905.422668457
186.000000000 905.422668457
185.000000000 905.422668457
184.000000000 905.422668457
183.000000000 905.422668457
182.000000000 905.422668457
181.000000000 905.422668457
180.000000000 905.422668457
