260.000000000 417.675231934
259.000000000 417.675231934
258.000000000 417.675231934
257.000000000 417.675231934
256.000000000 417.675231934
255.000000000 417.675231934
254.000000000 417.675231934
253.000000000 417.675231934
252.000000000 417.675231934
251.000000000 417.675231934
250.000000000 417.675231934
249.000000000 417.675231934
248.000000000 417.675231934
247.000000000 417.675231934
246.000000000 417.675231934
245.000000000 437.230743408
244.000000000 437.230743408
243.000000000 437.230743408
242.000000000 437.230743408
241.000000000 437.230743408
240.000000000 437.230743408
239.000000000 437.230743408
238.000000000 437.230743408
237.000000000 437.230743408
236.000000000 459.098083496
235.000000000 459.098083496
234.000000000 459.098083496
233.000000000 459.098083496
232.000000000 482.288574219
231.000000000 482.288574219
230.000000000 482.288574219
229.000000000 482.288574219
228.000000000 506.325134277
227.000000000 506.325134277
226.000000000 506.325134277
225.000000000 506.325134277
224.000000000 506.325134277
223.000000000 534.958801270
222.000000000 534.958801270
221.000000000 534.958801270
220.000000000 534.958801270
219.000000000 560.583923340
218.000000000 560.583923340
217.000000000 560.583923340
216.000000000 560.583923340
215.000000000 560.583923340
214.000000000 588.173828125
213.000000000 588.173828125
212.000000000 588.173828125
211.000000000 616.028747559
210.000000000 616.028747559
209.000000000 646.606750488
208.000000000 646.606750488
207.000000000 646.606750488
206.000000000 691.730163574
205.000000000 691.730163574
204.000000000 691.730163574
203.000000000 706.566589355
202.000000000 706.566589355
201.000000000 721.697448730
200.000000000 721.697448730
199.000000000 721.697448730
198.000000000 772.268554688
197.000000000 744.946594238
196.000000000 744.946594238
195.000000000 744.946594238
194.000000000 744.946594238
193.000000000 744.946594238
192.000000000 744.946594238
191.000000000 744.946594238
190.000000000 744.946594238
189.000000000 744.946594238
188.000000000 744.946594238
187.000000000 744.946594238
186.000000000 744.946594238
185.000000000 744.946594238
184.000000000 744.946594238
183.000000000 744.946594238
182.000000000 744.946594238
181.000000000 744.946594238
180.000000000 744.946594238
