260.000000000 459.637115479
259.000000000 459.637115479
258.000000000 482.546936035
257.000000000 482.546936035
256.000000000 482.546936035
255.000000000 482.546936035
254.000000000 482.546936035
253.000000000 482.546936035
252.000000000 482.546936035
251.000000000 482.546936035
250.000000000 482.546936035
249.000000000 482.546936035
248.000000000 482.546936035
247.000000000 482.546936035
246.000000000 482.546936035
245.000000000 508.209381104
244.000000000 508.209381104
243.000000000 508.209381104
242.000000000 508.209381104
241.000000000 508.209381104
240.000000000 508.209381104
239.000000000 508.209381104
238.000000000 508.209381104
237.000000000 533.030700684
236.000000000 533.030700684
235.000000000 533.030700684
234.000000000 533.030700684
233.000000000 558.910583496
232.000000000 558.910583496
231.000000000 558.910583496
230.000000000 558.910583496
229.000000000 591.002075195
228.000000000 591.002075195
227.000000000 591.002075195
226.000000000 591.002075195
225.000000000 591.002075195
224.000000000 625.232482910
223.000000000 625.232482910
222.000000000 625.232482910
221.000000000 625.232482910
220.000000000 655.477050781
219.000000000 655.477050781
218.000000000 655.477050781
217.000000000 655.477050781
216.000000000 655.477050781
215.000000000 694.607788086
214.000000000 694.607788086
213.000000000 694.607788086
212.000000000 694.607788086
211.000000000 736.888488770
210.000000000 736.888488770
209.000000000 736.888488770
208.000000000 800.029663086
207.000000000 800.029663086
206.000000000 800.029663086
205.000000000 856.970336914
204.000000000 856.970336914
203.000000000 856.970336914
202.000000000 856.970336914
201.000000000 856.970336914
200.000000000 856.970336914
199.000000000 890.582885742
198.000000000 931.834167480
197.000000000 931.834167480
196.000000000 931.834167480
195.000000000 885.993286133
194.000000000 885.993286133
193.000000000 885.993286133
192.000000000 885.993286133
191.000000000 885.993286133
190.000000000 885.993286133
189.000000000 885.993286133
188.000000000 904.624511719
187.000000000 904.624511719
186.000000000 904.624511719
185.000000000 904.624511719
184.000000000 904.624511719
183.000000000 904.624511719
182.000000000 904.624511719
181.000000000 904.624511719
180.000000000 904.624511719
