260.000000000 459.637115479
259.000000000 459.637115479
258.000000000 482.607666016
257.000000000 482.607666016
256.000000000 482.607666016
255.000000000 482.607666016
254.000000000 482.607666016
253.000000000 482.607666016
252.000000000 482.607666016
251.000000000 482.607666016
250.000000000 482.607666016
249.000000000 482.607666016
248.000000000 482.607666016
247.000000000 482.607666016
246.000000000 482.607666016
245.000000000 508.049133301
244.000000000 508.049133301
243.000000000 508.049133301
242.000000000 508.049133301
241.000000000 508.049133301
240.000000000 508.049133301
239.000000000 508.049133301
238.000000000 508.049133301
237.000000000 533.246398926
236.000000000 533.246398926
235.000000000 533.246398926
234.000000000 533.246398926
233.000000000 533.246398926
232.000000000 565.778198242
231.000000000 565.778198242
230.000000000 565.778198242
229.000000000 565.778198242
228.000000000 596.319213867
227.000000000 596.319213867
226.000000000 596.319213867
225.000000000 596.319213867
224.000000000 596.319213867
223.000000000 633.680053711
222.000000000 633.680053711
221.000000000 633.680053711
220.000000000 633.680053711
219.000000000 633.680053711
218.000000000 669.064331055
217.000000000 669.064331055
216.000000000 669.064331055
215.000000000 669.064331055
214.000000000 669.064331055
213.000000000 707.749633789
212.000000000 707.749633789
211.000000000 707.749633789
210.000000000 754.760742188
209.000000000 754.760742188
208.000000000 754.760742188
207.000000000 803.170043945
206.000000000 803.170043945
205.000000000 850.225952148
204.000000000 850.225952148
203.000000000 850.225952148
202.000000000 850.225952148
201.000000000 850.225952148
200.000000000 850.225952148
199.000000000 850.225952148
198.000000000 850.225952148
197.000000000 914.956054688
196.000000000 883.174011230
195.000000000 883.174011230
194.000000000 883.174011230
193.000000000 883.174011230
192.000000000 890.084838867
191.000000000 893.738037109
190.000000000 893.738037109
189.000000000 937.901733398
188.000000000 937.901733398
187.000000000 937.901733398
186.000000000 906.235412598
185.000000000 906.235412598
184.000000000 906.235412598
183.000000000 906.235412598
182.000000000 906.235412598
181.000000000 906.235412598
180.000000000 906.235412598
