260.000000000 417.675231934
259.000000000 417.675231934
258.000000000 417.675231934
257.000000000 417.675231934
256.000000000 417.675231934
255.000000000 417.675231934
254.000000000 417.675231934
253.000000000 417.675231934
252.000000000 417.675231934
251.000000000 417.675231934
250.000000000 417.675231934
249.000000000 417.675231934
248.000000000 417.675231934
247.000000000 417.675231934
246.000000000 417.675231934
245.000000000 437.597229004
244.000000000 437.597229004
243.000000000 437.597229004
242.000000000 437.597229004
241.000000000 437.597229004
240.000000000 437.597229004
239.000000000 437.597229004
238.000000000 437.597229004
237.000000000 437.597229004
236.000000000 459.437408447
235.000000000 459.437408447
234.000000000 459.437408447
233.000000000 459.437408447
232.000000000 481.144653320
231.000000000 481.144653320
230.000000000 481.144653320
229.000000000 481.144653320
228.000000000 506.294311523
227.000000000 506.294311523
226.000000000 506.294311523
225.000000000 506.294311523
224.000000000 506.294311523
223.000000000 537.076660156
222.000000000 537.076660156
221.000000000 537.076660156
220.000000000 537.076660156
219.000000000 537.076660156
218.000000000 566.319274902
217.000000000 566.319274902
216.000000000 566.319274902
215.000000000 566.319274902
214.000000000 566.319274902
213.000000000 596.141601562
212.000000000 596.141601562
211.000000000 596.141601562
210.000000000 631.048583984
209.000000000 631.048583984
208.000000000 631.048583984
207.000000000 664.077209473
206.000000000 664.077209473
205.000000000 698.902587891
204.000000000 698.902587891
203.000000000 698.902587891
202.000000000 698.902587891
201.000000000 698.902587891
200.000000000 698.902587891
199.000000000 698.902587891
198.000000000 698.902587891
197.000000000 753.561950684
196.000000000 729.271545410
195.000000000 729.271545410
194.000000000 729.271545410
193.000000000 729.271545410
192.000000000 734.930664062
191.000000000 737.724060059
190.000000000 737.724060059
189.000000000 737.724060059
188.000000000 737.724060059
187.000000000 737.724060059
186.000000000 737.724060059
185.000000000 737.724060059
184.000000000 743.265930176
183.000000000 743.265930176
182.000000000 743.265930176
181.000000000 743.265930176
180.000000000 743.265930176
