260.000000000 -0.406365796
259.000000000 -0.877777205
258.000000000 -0.968132908
257.000000000 -1.230430451
256.000000000 -0.820495509
255.000000000 -0.290542257
254.000000000 -1.301323715
253.000000000 -0.844824040
252.000000000 -0.639663965
251.000000000 -0.587728310
250.000000000 -1.202587306
249.000000000 -0.190075372
248.000000000 -1.095801920
247.000000000 -0.323230449
246.000000000 -0.806719855
245.000000000 -0.744438345
244.000000000 -0.914947491
243.000000000 0.115090822
242.000000000 -0.474384209
241.000000000 -2.024182222
240.000000000 -1.039071217
239.000000000 -2.505455987
238.000000000 -2.007369096
237.000000000 -1.218547650
236.000000000 -2.236575921
235.000000000 -2.292504106
234.000000000 -2.285183866
233.000000000 -3.625550882
232.000000000 -2.516638845
231.000000000 -5.731793165
230.000000000 -5.727575427
229.000000000 -7.334917748
228.000000000 -6.981872769
227.000000000 -6.530809179
226.000000000 -7.223425448
225.000000000 -7.421468534
224.000000000 -8.600811319
223.000000000 -10.741177421
222.000000000 -9.218271713
221.000000000 -5.918315113
220.000000000 -9.901583921
219.000000000 -11.470608075
218.000000000 -9.839206639
217.000000000 -10.519632429
216.000000000 -12.563745974
215.000000000 -14.316869975
214.000000000 -14.038217301
213.000000000 -11.088953385
212.000000000 -12.703475928
211.000000000 -8.523126570
210.000000000 -7.332209877
209.000000000 -3.701085850
208.000000000 1.831413672
207.000000000 2.854075528
206.000000000 3.056567144
205.000000000 1.901269486
204.000000000 3.098813630
203.000000000 7.624122329
202.000000000 4.174772832
201.000000000 1.819131160
200.000000000 8.575565165
199.000000000 -1.406751834
198.000000000 -0.854051928
197.000000000 2.473798990
196.000000000 2.708848281
195.000000000 4.933168965
194.000000000 -6.259590782
193.000000000 1.811516608
192.000000000 5.026305755
191.000000000 3.900954277
190.000000000 2.092146587
189.000000000 4.172724719
188.000000000 -1.435341044
187.000000000 -4.695060125
186.000000000 2.271022221
185.000000000 -4.064843585
184.000000000 9.166927478
183.000000000 -3.081970691
182.000000000 4.566379096
181.000000000 4.802275584
180.000000000 2.740138199
