260.000000000 -0.057564573
259.000000000 -0.575908365
258.000000000 -0.753138652
257.000000000 -0.785850259
256.000000000 -0.291056388
255.000000000 -0.353809702
254.000000000 -0.704289173
253.000000000 -1.009282205
252.000000000 -0.043043629
251.000000000 -0.264058418
250.000000000 0.101028175
249.000000000 -0.622939591
248.000000000 -0.359896398
247.000000000 -0.515917317
246.000000000 -0.538110952
245.000000000 -0.644561908
244.000000000 0.374592332
243.000000000 -1.098684185
242.000000000 -0.564305884
241.000000000 -1.195157123
240.000000000 -0.650394949
239.000000000 -2.257064856
238.000000000 -0.668746542
237.000000000 -2.073217739
236.000000000 -2.593208542
235.000000000 -1.721060731
234.000000000 -2.640432995
233.000000000 -3.087524812
232.000000000 -3.304649464
231.000000000 -4.607524569
230.000000000 -6.124801391
229.000000000 -7.511810032
228.000000000 -4.376792417
227.000000000 -7.388021307
226.000000000 -7.395440037
225.000000000 -6.294558838
224.000000000 -7.457383792
223.000000000 -8.921044247
222.000000000 -8.637990084
221.000000000 -8.285661793
220.000000000 -10.564806261
219.000000000 -8.398431197
218.000000000 -14.262859963
217.000000000 -11.302145999
216.000000000 -9.809521767
215.000000000 -10.959283294
214.000000000 -11.887309557
213.000000000 -9.497791551
212.000000000 -11.062707281
211.000000000 -10.420031411
210.000000000 -5.619619995
209.000000000 -6.667316381
208.000000000 -8.658861311
207.000000000 -5.729168828
206.000000000 -2.218606252
205.000000000 -8.529230714
204.000000000 5.618636684
203.000000000 4.591900216
202.000000000 -1.770865432
201.000000000 0.552005523
200.000000000 4.860043222
199.000000000 -5.271363885
198.000000000 -5.136647155
197.000000000 1.136332791
196.000000000 0.686891705
195.000000000 0.861068868
194.000000000 1.700253969
193.000000000 0.336262908
192.000000000 2.549912915
191.000000000 4.004978261
190.000000000 4.124640594
189.000000000 -6.869008623
188.000000000 1.966499707
187.000000000 8.585892810
186.000000000 10.427262095
185.000000000 0.219103963
184.000000000 -1.824304650
183.000000000 1.386511009
182.000000000 4.815412295
181.000000000 0.752426199
180.000000000 -7.501878103
