260.000000000 -0.781669968
259.000000000 0.278327548
258.000000000 -0.882999902
257.000000000 -0.607987456
256.000000000 -0.329909830
255.000000000 -0.722121652
254.000000000 -0.119195959
253.000000000 -0.658766138
252.000000000 -0.553589985
251.000000000 -0.544624972
250.000000000 -0.299835992
249.000000000 -0.425595463
248.000000000 -0.552245149
247.000000000 -0.641023831
246.000000000 0.033897114
245.000000000 -1.700308176
244.000000000 -0.305803449
243.000000000 -0.396643427
242.000000000 -1.517296353
241.000000000 -0.880341931
240.000000000 -2.649545231
239.000000000 -1.139240979
238.000000000 -0.722146191
237.000000000 -2.456584646
236.000000000 -1.594081767
235.000000000 -1.454830323
234.000000000 -0.976035579
233.000000000 -1.991258857
232.000000000 -3.023017665
231.000000000 -5.222384659
230.000000000 -4.600616168
229.000000000 -5.954233039
228.000000000 -5.937111019
227.000000000 -6.701160766
226.000000000 -8.295303141
225.000000000 -7.993872023
224.000000000 -6.638449538
223.000000000 -7.316777159
222.000000000 -10.016785324
221.000000000 -8.356155563
220.000000000 -10.123773893
219.000000000 -10.468158841
218.000000000 -12.766682673
217.000000000 -8.178234919
216.000000000 -9.778560424
215.000000000 -12.885975182
214.000000000 -13.444212767
213.000000000 -11.633953878
212.000000000 -12.086902857
211.000000000 -11.618514879
210.000000000 -5.941232501
209.000000000 -7.631876660
208.000000000 -3.874111331
207.000000000 -0.900472557
206.000000000 -6.295483830
205.000000000 -2.591582663
204.000000000 7.258952593
203.000000000 6.132506357
202.000000000 -0.620524721
201.000000000 -4.978093304
200.000000000 -3.610918191
199.000000000 7.169705617
198.000000000 -8.976665901
197.000000000 6.651383245
196.000000000 1.249807537
195.000000000 -3.253200908
194.000000000 -0.589274793
193.000000000 4.528789743
192.000000000 2.669185349
191.000000000 6.670136586
190.000000000 0.312986019
189.000000000 -2.250382419
188.000000000 2.578941283
187.000000000 -3.314309887
186.000000000 -7.614136749
185.000000000 6.067871956
184.000000000 -0.082071999
183.000000000 -2.777880391
182.000000000 -0.436557471
181.000000000 -5.773640674
180.000000000 -2.722418362
