260.000000000 417.675231934
259.000000000 417.675231934
258.000000000 417.675231934
257.000000000 417.675231934
256.000000000 417.675231934
255.000000000 417.675231934
254.000000000 417.675231934
253.000000000 417.675231934
252.000000000 417.675231934
251.000000000 417.675231934
250.000000000 417.675231934
249.000000000 417.675231934
248.000000000 417.675231934
247.000000000 417.675231934
246.000000000 417.675231934
245.000000000 437.358154297
244.000000000 437.358154297
243.000000000 437.358154297
242.000000000 437.358154297
241.000000000 437.358154297
240.000000000 437.358154297
239.000000000 437.358154297
238.000000000 437.358154297
237.000000000 437.358154297
236.000000000 459.821380615
235.000000000 459.821380615
234.000000000 459.821380615
233.000000000 459.821380615
232.000000000 459.821380615
231.000000000 487.902618408
230.000000000 487.902618408
229.000000000 487.902618408
228.000000000 487.902618408
227.000000000 511.958801270
226.000000000 511.958801270
225.000000000 511.958801270
224.000000000 511.958801270
223.000000000 511.958801270
222.000000000 540.392883301
221.000000000 540.392883301
220.000000000 540.392883301
219.000000000 540.392883301
218.000000000 540.392883301
217.000000000 570.409606934
216.000000000 570.409606934
215.000000000 570.409606934
214.000000000 570.409606934
213.000000000 570.409606934
212.000000000 606.098999023
211.000000000 606.098999023
210.000000000 606.098999023
209.000000000 641.691711426
208.000000000 641.691711426
207.000000000 641.691711426
206.000000000 687.567016602
205.000000000 687.567016602
204.000000000 698.593200684
203.000000000 698.593200684
202.000000000 698.593200684
201.000000000 735.481689453
200.000000000 735.481689453
199.000000000 735.481689453
198.000000000 735.481689453
197.000000000 730.575439453
196.000000000 730.575439453
195.000000000 743.940368652
194.000000000 743.940368652
193.000000000 743.940368652
192.000000000 743.940368652
191.000000000 743.940368652
190.000000000 743.940368652
189.000000000 743.940368652
188.000000000 743.940368652
187.000000000 743.940368652
186.000000000 743.940368652
185.000000000 743.940368652
184.000000000 743.940368652
183.000000000 743.940368652
182.000000000 743.940368652
181.000000000 743.940368652
180.000000000 743.940368652
