260.000000000 417.675231934
259.000000000 417.675231934
258.000000000 417.675231934
257.000000000 417.675231934
256.000000000 417.675231934
255.000000000 417.675231934
254.000000000 417.675231934
253.000000000 417.675231934
252.000000000 417.675231934
251.000000000 417.675231934
250.000000000 417.675231934
249.000000000 417.675231934
248.000000000 417.675231934
247.000000000 417.675231934
246.000000000 417.675231934
245.000000000 417.675231934
244.000000000 438.920501709
243.000000000 438.920501709
242.000000000 438.920501709
241.000000000 438.920501709
240.000000000 438.920501709
239.000000000 438.920501709
238.000000000 438.920501709
237.000000000 438.920501709
236.000000000 438.920501709
235.000000000 464.822631836
234.000000000 464.822631836
233.000000000 464.822631836
232.000000000 464.822631836
231.000000000 487.526672363
230.000000000 487.526672363
229.000000000 487.526672363
228.000000000 487.526672363
227.000000000 512.390075684
226.000000000 512.390075684
225.000000000 512.390075684
224.000000000 512.390075684
223.000000000 512.390075684
222.000000000 541.340515137
221.000000000 541.340515137
220.000000000 541.340515137
219.000000000 541.340515137
218.000000000 541.340515137
217.000000000 569.679748535
216.000000000 569.679748535
215.000000000 569.679748535
214.000000000 569.679748535
213.000000000 600.776245117
212.000000000 600.776245117
211.000000000 600.776245117
210.000000000 600.776245117
209.000000000 641.194824219
208.000000000 641.194824219
207.000000000 641.194824219
206.000000000 677.021545410
205.000000000 677.021545410
204.000000000 722.616943359
203.000000000 722.616943359
202.000000000 722.616943359
201.000000000 722.616943359
200.000000000 722.616943359
199.000000000 722.616943359
198.000000000 722.616943359
197.000000000 722.616943359
196.000000000 733.973693848
195.000000000 733.973693848
194.000000000 733.973693848
193.000000000 733.973693848
192.000000000 733.973693848
191.000000000 733.973693848
190.000000000 733.973693848
189.000000000 733.973693848
188.000000000 733.973693848
187.000000000 733.973693848
186.000000000 737.269958496
185.000000000 737.269958496
184.000000000 737.269958496
183.000000000 737.269958496
182.000000000 737.269958496
181.000000000 737.269958496
180.000000000 737.269958496
