260.000000000 417.675231934
259.000000000 417.675231934
258.000000000 417.675231934
257.000000000 417.675231934
256.000000000 417.675231934
255.000000000 417.675231934
254.000000000 417.675231934
253.000000000 417.675231934
252.000000000 417.675231934
251.000000000 417.675231934
250.000000000 417.675231934
249.000000000 417.675231934
248.000000000 417.675231934
247.000000000 417.675231934
246.000000000 417.675231934
245.000000000 438.094207764
244.000000000 438.094207764
243.000000000 438.094207764
242.000000000 438.094207764
241.000000000 438.094207764
240.000000000 438.094207764
239.000000000 438.094207764
238.000000000 438.094207764
237.000000000 438.094207764
236.000000000 459.871551514
235.000000000 459.871551514
234.000000000 459.871551514
233.000000000 459.871551514
232.000000000 481.501983643
231.000000000 481.501983643
230.000000000 481.501983643
229.000000000 481.501983643
228.000000000 505.609710693
227.000000000 505.609710693
226.000000000 505.609710693
225.000000000 505.609710693
224.000000000 530.192260742
223.000000000 530.192260742
222.000000000 530.192260742
221.000000000 530.192260742
220.000000000 530.192260742
219.000000000 556.599853516
218.000000000 556.599853516
217.000000000 556.599853516
216.000000000 556.599853516
215.000000000 556.599853516
214.000000000 588.157897949
213.000000000 588.157897949
212.000000000 588.157897949
211.000000000 588.157897949
210.000000000 633.360229492
209.000000000 633.360229492
208.000000000 633.360229492
207.000000000 673.834411621
206.000000000 673.834411621
205.000000000 706.859985352
204.000000000 706.859985352
203.000000000 706.859985352
202.000000000 706.859985352
201.000000000 706.859985352
200.000000000 752.761291504
199.000000000 726.446350098
198.000000000 762.432189941
197.000000000 736.357727051
196.000000000 736.357727051
195.000000000 736.357727051
194.000000000 736.357727051
193.000000000 736.357727051
192.000000000 736.357727051
191.000000000 736.357727051
190.000000000 751.780395508
189.000000000 751.780395508
188.000000000 751.780395508
187.000000000 751.780395508
186.000000000 751.780395508
185.000000000 751.780395508
184.000000000 751.780395508
183.000000000 751.780395508
182.000000000 735.509338379
181.000000000 735.509338379
180.000000000 735.509338379
