260.000000000 459.637115479
259.000000000 459.637115479
258.000000000 459.637115479
257.000000000 459.637115479
256.000000000 459.637115479
255.000000000 459.637115479
254.000000000 459.637115479
253.000000000 459.637115479
252.000000000 459.637115479
251.000000000 459.637115479
250.000000000 459.637115479
249.000000000 459.637115479
248.000000000 459.637115479
247.000000000 459.637115479
246.000000000 459.637115479
245.000000000 459.637115479
244.000000000 459.637115479
243.000000000 459.637115479
242.000000000 459.637115479
241.000000000 459.637115479
240.000000000 459.637115479
239.000000000 459.637115479
238.000000000 459.637115479
237.000000000 459.637115479
236.000000000 459.637115479
235.000000000 459.637115479
234.000000000 459.637115479
233.000000000 459.637115479
232.000000000 459.637115479
231.000000000 459.637115479
230.000000000 459.637115479
229.000000000 459.637115479
228.000000000 459.637115479
227.000000000 459.637115479
226.000000000 459.637115479
225.000000000 459.637115479
224.000000000 459.637115479
223.000000000 459.637115479
222.000000000 459.637115479
221.000000000 459.637115479
220.000000000 459.637115479
219.000000000 459.637115479
218.000000000 459.637115479
217.000000000 459.637115479
216.000000000 459.637115479
215.000000000 459.637115479
214.000000000 459.637115479
213.000000000 459.637115479
212.000000000 459.637115479
211.000000000 459.637115479
210.000000000 459.637115479
209.000000000 459.637115479
208.000000000 459.637115479
207.000000000 459.637115479
206.000000000 459.637115479
205.000000000 459.637115479
204.000000000 459.637115479
203.000000000 459.637115479
202.000000000 459.637115479
201.000000000 459.637115479
200.000000000 459.637115479
199.000000000 459.637115479
198.000000000 459.637115479
197.000000000 459.637115479
196.000000000 459.637115479
195.000000000 459.637115479
194.000000000 459.637115479
193.000000000 459.637115479
192.000000000 459.637115479
191.000000000 459.637115479
190.000000000 459.637115479
189.000000000 459.637115479
188.000000000 459.637115479
187.000000000 459.637115479
186.000000000 459.637115479
185.000000000 459.637115479
184.000000000 459.637115479
183.000000000 459.637115479
182.000000000 459.637115479
181.000000000 459.637115479
180.000000000 459.637115479
