260.000000000 0.188374963
259.000000000 -0.547686831
258.000000000 -0.719964236
257.000000000 -0.495148591
256.000000000 -0.796797182
255.000000000 -0.585768586
254.000000000 -0.943246465
253.000000000 0.150555967
252.000000000 -0.732634581
251.000000000 -0.643477136
250.000000000 -0.861339461
249.000000000 -1.227872407
248.000000000 -1.341170346
247.000000000 -1.309034957
246.000000000 -1.208101487
245.000000000 -1.091228374
244.000000000 -1.327521992
243.000000000 -0.651144928
242.000000000 -0.048947332
241.000000000 -2.101415723
240.000000000 -1.045467939
239.000000000 -0.675461960
238.000000000 -0.013153224
237.000000000 -0.916401500
236.000000000 -1.676710894
235.000000000 -2.276533487
234.000000000 -3.462291014
233.000000000 -3.023547221
232.000000000 -4.692344179
231.000000000 -4.441210429
230.000000000 -4.410338163
229.000000000 -7.244036104
228.000000000 -8.481584058
227.000000000 -6.957806191
226.000000000 -7.645750907
225.000000000 -8.178265954
224.000000000 -5.977370599
223.000000000 -6.543015912
222.000000000 -7.954512658
221.000000000 -8.560477007
220.000000000 -9.154862570
219.000000000 -9.611905225
218.000000000 -12.071743695
217.000000000 -12.053145928
216.000000000 -14.363835677
215.000000000 -9.676140595
214.000000000 -16.471169332
213.000000000 -14.291100026
212.000000000 -10.878823087
211.000000000 -6.084240931
210.000000000 -10.522641899
209.000000000 -7.669628353
208.000000000 -11.452531657
207.000000000 -0.053871244
206.000000000 1.694293777
205.000000000 -1.982208964
204.000000000 2.768982581
203.000000000 8.336273081
202.000000000 -1.695179907
201.000000000 1.835569687
200.000000000 4.997248820
199.000000000 2.407748848
198.000000000 0.159156529
197.000000000 4.009378769
196.000000000 -5.792997179
195.000000000 -6.322722175
194.000000000 -4.974630480
193.000000000 5.305519734
192.000000000 4.348384197
191.000000000 -4.910117316
190.000000000 -3.546411317
189.000000000 -3.330297421
188.000000000 1.813585765
187.000000000 -6.379048766
186.000000000 -5.217028193
185.000000000 0.494109050
184.000000000 -7.932486979
183.000000000 3.135103975
182.000000000 -7.008927156
181.000000000 -6.360126738
180.000000000 2.541417222
