260.000000000 -0.641286794
259.000000000 -0.654948764
258.000000000 -0.824509225
257.000000000 -0.342777190
256.000000000 -0.314745530
255.000000000 -0.694369763
254.000000000 -0.827701863
253.000000000 -1.411083463
252.000000000 -0.339639493
251.000000000 -0.255771079
250.000000000 -0.712646123
249.000000000 -0.832558713
248.000000000 -0.414521747
247.000000000 -0.541012490
246.000000000 0.298884198
245.000000000 -0.513811073
244.000000000 -0.661037357
243.000000000 -0.944591284
242.000000000 -0.997663274
241.000000000 -2.199932293
240.000000000 -1.171211442
239.000000000 -1.170697039
238.000000000 -1.243404112
237.000000000 -0.565612106
236.000000000 -1.023677567
235.000000000 -1.076012642
234.000000000 -1.040154289
233.000000000 -1.964366368
232.000000000 -4.022075326
231.000000000 -4.723887056
230.000000000 -5.080048373
229.000000000 -7.788348784
228.000000000 -7.552569743
227.000000000 -8.948435574
226.000000000 -7.632744510
225.000000000 -6.809906624
224.000000000 -8.879518205
223.000000000 -9.804602522
222.000000000 -9.418822391
221.000000000 -7.472172302
220.000000000 -11.020129529
219.000000000 -13.002138898
218.000000000 -11.943675954
217.000000000 -12.695351458
216.000000000 -10.681204810
215.000000000 -11.067328605
214.000000000 -11.900657694
213.000000000 -10.522626027
212.000000000 -13.186692061
211.000000000 -10.504241953
210.000000000 -7.843625985
209.000000000 -8.962397785
208.000000000 -6.521035400
207.000000000 -2.508381142
206.000000000 5.012934287
205.000000000 -1.542254160
204.000000000 4.670346149
203.000000000 1.371589756
202.000000000 9.926641930
201.000000000 2.464396519
200.000000000 1.014130541
199.000000000 -4.036524381
198.000000000 -2.216445725
197.000000000 4.907815240
196.000000000 7.453948285
195.000000000 -4.617598921
194.000000000 -0.234761122
193.000000000 3.865328445
192.000000000 0.548850087
191.000000000 -9.302424594
190.000000000 -12.260323837
189.000000000 5.542588219
188.000000000 3.796784561
187.000000000 3.661339287
186.000000000 -1.163756450
185.000000000 1.601320915
184.000000000 4.415586293
183.000000000 -0.453555591
182.000000000 -0.542814206
181.000000000 4.886797321
180.000000000 5.790360169
