260.000000000 -0.264893511
259.000000000 -1.070221806
258.000000000 -0.883407669
257.000000000 -0.488359943
256.000000000 -0.661641528
255.000000000 -0.344255805
254.000000000 -0.505350700
253.000000000 -1.197575815
252.000000000 0.138082242
251.000000000 -0.262166724
250.000000000 -1.829348563
249.000000000 -0.646601109
248.000000000 -0.417719211
247.000000000 -1.083924258
246.000000000 -0.974577828
245.000000000 -0.865818261
244.000000000 -0.203293557
243.000000000 -0.131392828
242.000000000 -2.495190581
241.000000000 0.349360292
240.000000000 -1.215625564
239.000000000 -1.464833393
238.000000000 -2.044495005
237.000000000 -2.172054453
236.000000000 -1.678578567
235.000000000 -1.445751912
234.000000000 -2.141564672
233.000000000 -1.792009988
232.000000000 -2.585894918
231.000000000 -6.748263665
230.000000000 -6.051277740
229.000000000 -8.263192361
228.000000000 -4.855876530
227.000000000 -7.550825960
226.000000000 -6.874895614
225.000000000 -8.818681285
224.000000000 -8.912182639
223.000000000 -7.551512460
222.000000000 -8.968226020
221.000000000 -8.424484157
220.000000000 -12.288113976
219.000000000 -10.058464839
218.000000000 -11.998687696
217.000000000 -10.546140381
216.000000000 -13.294864255
215.000000000 -13.625755070
214.000000000 -15.961509825
213.000000000 -7.390228243
212.000000000 -5.295181784
211.000000000 -8.589372114
210.000000000 -5.304587946
209.000000000 -9.477863944
208.000000000 -7.708391584
207.000000000 1.066660517
206.000000000 0.845098797
205.000000000 -0.930919815
204.000000000 0.578370704
203.000000000 -1.826053553
202.000000000 3.408149889
201.000000000 3.018296763
200.000000000 4.673928840
199.000000000 -1.829181124
198.000000000 8.944974924
197.000000000 4.180463044
196.000000000 -1.822829161
195.000000000 5.948848465
194.000000000 -4.948238256
193.000000000 2.343245508
192.000000000 -3.671596288
191.000000000 -4.034779670
190.000000000 0.688889951
189.000000000 -5.115955602
188.000000000 1.269162888
187.000000000 -3.551266026
186.000000000 -0.305501589
185.000000000 1.634333306
184.000000000 1.271512692
183.000000000 2.744639636
182.000000000 12.849067991
181.000000000 1.549389364
180.000000000 0.834843408
