260.000000000 456.366088867
259.000000000 456.366088867
258.000000000 456.366088867
257.000000000 456.366088867
256.000000000 456.366088867
255.000000000 456.366088867
254.000000000 456.366088867
253.000000000 456.366088867
252.000000000 456.366088867
251.000000000 456.366088867
250.000000000 456.366088867
249.000000000 456.366088867
248.000000000 456.366088867
247.000000000 456.366088867
246.000000000 456.366088867
245.000000000 456.366088867
244.000000000 456.366088867
243.000000000 456.366088867
242.000000000 478.085968018
241.000000000 478.085968018
240.000000000 478.085968018
239.000000000 478.085968018
238.000000000 478.085968018
237.000000000 478.085968018
236.000000000 478.085968018
235.000000000 502.969665527
234.000000000 502.969665527
233.000000000 502.969665527
232.000000000 502.969665527
231.000000000 528.976806641
230.000000000 528.976806641
229.000000000 528.976806641
228.000000000 528.976806641
227.000000000 528.976806641
226.000000000 562.101257324
225.000000000 562.101257324
224.000000000 562.101257324
223.000000000 562.101257324
222.000000000 590.189575195
221.000000000 590.189575195
220.000000000 590.189575195
219.000000000 590.189575195
218.000000000 590.189575195
217.000000000 620.714477539
216.000000000 620.714477539
215.000000000 620.714477539
214.000000000 620.714477539
213.000000000 655.768371582
212.000000000 655.768371582
211.000000000 655.768371582
210.000000000 696.547912598
209.000000000 696.547912598
208.000000000 734.127807617
207.000000000 734.127807617
206.000000000 776.480529785
205.000000000 776.480529785
204.000000000 827.584106445
203.000000000 827.584106445
202.000000000 880.007690430
201.000000000 880.007690430
200.000000000 953.214355469
199.000000000 953.214355469
198.000000000 1003.697326660
197.000000000 971.238769531
196.000000000 971.238769531
195.000000000 971.238769531
194.000000000 971.238769531
193.000000000 971.238769531
192.000000000 1001.504821777
191.000000000 1001.504821777
190.000000000 1001.504821777
189.000000000 1001.504821777
188.000000000 1001.504821777
187.000000000 1001.504821777
186.000000000 1001.504821777
185.000000000 1001.504821777
184.000000000 1001.504821777
183.000000000 1001.504821777
182.000000000 1001.504821777
181.000000000 1001.504821777
180.000000000 1001.504821777
