260.000000000 456.366088867
259.000000000 456.366088867
258.000000000 456.366088867
257.000000000 456.366088867
256.000000000 456.366088867
255.000000000 456.366088867
254.000000000 456.366088867
253.000000000 456.366088867
252.000000000 456.366088867
251.000000000 456.366088867
250.000000000 456.366088867
249.000000000 456.366088867
248.000000000 456.366088867
247.000000000 456.366088867
246.000000000 456.366088867
245.000000000 456.366088867
244.000000000 456.366088867
243.000000000 456.366088867
242.000000000 478.839599609
241.000000000 478.839599609
240.000000000 478.839599609
239.000000000 478.839599609
238.000000000 478.839599609
237.000000000 478.839599609
236.000000000 478.839599609
235.000000000 501.752624512
234.000000000 501.752624512
233.000000000 501.752624512
232.000000000 501.752624512
231.000000000 527.082031250
230.000000000 527.082031250
229.000000000 527.082031250
228.000000000 527.082031250
227.000000000 554.918579102
226.000000000 554.918579102
225.000000000 554.918579102
224.000000000 554.918579102
223.000000000 581.724426270
222.000000000 581.724426270
221.000000000 581.724426270
220.000000000 581.724426270
219.000000000 581.724426270
218.000000000 615.388610840
217.000000000 615.388610840
216.000000000 615.388610840
215.000000000 615.388610840
214.000000000 646.544006348
213.000000000 646.544006348
212.000000000 646.544006348
211.000000000 680.807312012
210.000000000 680.807312012
209.000000000 715.685058594
208.000000000 715.685058594
207.000000000 754.014526367
206.000000000 754.014526367
205.000000000 796.881652832
204.000000000 796.881652832
203.000000000 851.467102051
202.000000000 851.467102051
201.000000000 900.337341309
200.000000000 954.531677246
199.000000000 954.531677246
198.000000000 954.531677246
197.000000000 954.531677246
196.000000000 954.531677246
195.000000000 954.531677246
194.000000000 977.793762207
193.000000000 977.793762207
192.000000000 977.793762207
191.000000000 977.793762207
190.000000000 977.793762207
189.000000000 977.793762207
188.000000000 977.793762207
187.000000000 977.793762207
186.000000000 994.859924316
185.000000000 994.859924316
184.000000000 994.859924316
183.000000000 994.859924316
182.000000000 994.859924316
181.000000000 994.859924316
180.000000000 994.859924316
