260.000000000 456.366088867
259.000000000 456.366088867
258.000000000 456.366088867
257.000000000 456.366088867
256.000000000 456.366088867
255.000000000 456.366088867
254.000000000 456.366088867
253.000000000 456.366088867
252.000000000 456.366088867
251.000000000 456.366088867
250.000000000 456.366088867
249.000000000 456.366088867
248.000000000 456.366088867
247.000000000 456.366088867
246.000000000 456.366088867
245.000000000 456.366088867
244.000000000 456.366088867
243.000000000 456.366088867
242.000000000 478.614868164
241.000000000 478.614868164
240.000000000 478.614868164
239.000000000 478.614868164
238.000000000 478.614868164
237.000000000 478.614868164
236.000000000 478.614868164
235.000000000 501.231994629
234.000000000 501.231994629
233.000000000 501.231994629
232.000000000 501.231994629
231.000000000 526.259155273
230.000000000 526.259155273
229.000000000 526.259155273
228.000000000 526.259155273
227.000000000 551.947021484
226.000000000 551.947021484
225.000000000 551.947021484
224.000000000 551.947021484
223.000000000 581.488037109
222.000000000 581.488037109
221.000000000 581.488037109
220.000000000 581.488037109
219.000000000 581.488037109
218.000000000 613.578430176
217.000000000 613.578430176
216.000000000 613.578430176
215.000000000 613.578430176
214.000000000 646.659851074
213.000000000 646.659851074
212.000000000 646.659851074
211.000000000 679.957885742
210.000000000 679.957885742
209.000000000 714.993225098
208.000000000 714.993225098
207.000000000 750.910583496
206.000000000 750.910583496
205.000000000 800.225280762
204.000000000 800.225280762
203.000000000 855.283447266
202.000000000 855.283447266
201.000000000 924.361450195
200.000000000 924.361450195
199.000000000 924.361450195
198.000000000 995.217224121
197.000000000 995.217224121
196.000000000 995.217224121
195.000000000 995.217224121
194.000000000 995.217224121
193.000000000 995.217224121
192.000000000 995.217224121
191.000000000 995.217224121
190.000000000 995.217224121
189.000000000 995.217224121
188.000000000 995.217224121
187.000000000 995.217224121
186.000000000 995.217224121
185.000000000 995.217224121
184.000000000 995.217224121
183.000000000 995.217224121
182.000000000 995.217224121
181.000000000 995.217224121
180.000000000 995.217224121
