260.000000000 3.601804259
259.000000000 3.226923851
258.000000000 3.013284438
257.000000000 4.818828342
256.000000000 3.402633936
255.000000000 4.013097683
254.000000000 3.508069804
253.000000000 3.979890278
252.000000000 3.909113928
251.000000000 3.308071279
250.000000000 3.619571894
249.000000000 3.582620404
248.000000000 3.850889428
247.000000000 4.359413843
246.000000000 4.219770058
245.000000000 3.313617783
244.000000000 1.602962954
243.000000000 1.951958585
242.000000000 1.860785567
241.000000000 1.973003734
240.000000000 0.475051578
239.000000000 2.639908822
238.000000000 0.584416128
237.000000000 -0.087324209
236.000000000 2.870159052
235.000000000 2.022352379
234.000000000 1.740051834
233.000000000 -2.245347144
232.000000000 -2.135848290
231.000000000 -0.505289342
230.000000000 -2.540817991
229.000000000 -2.214431277
228.000000000 -3.451824324
227.000000000 -5.467979779
226.000000000 -5.252569618
225.000000000 -3.324116592
224.000000000 -4.737723825
223.000000000 -5.548060917
222.000000000 -6.536001487
221.000000000 -8.376150405
220.000000000 -2.965808284
219.000000000 -7.171120570
218.000000000 -9.010564499
217.000000000 -11.510253149
216.000000000 -7.234683274
215.000000000 -13.705389533
214.000000000 -10.254019033
213.000000000 -5.643062308
212.000000000 -10.784447513
211.000000000 -2.270410507
210.000000000 -11.776590320
209.000000000 -4.523815727
208.000000000 5.961027845
207.000000000 5.236006515
206.000000000 5.394988325
205.000000000 14.112087322
204.000000000 10.869955453
203.000000000 17.503112734
202.000000000 19.524895398
201.000000000 7.694368336
200.000000000 16.814836711
199.000000000 17.955941825
198.000000000 21.650162768
197.000000000 31.574642556
196.000000000 23.868987077
195.000000000 5.199137562
194.000000000 28.636340170
193.000000000 14.462554362
192.000000000 1.292584106
191.000000000 -5.579105322
190.000000000 -16.998074531
189.000000000 21.823344923
188.000000000 3.578632057
187.000000000 19.124998793
186.000000000 29.066454671
185.000000000 -0.371915810
184.000000000 6.040366135
183.000000000 -9.128047270
182.000000000 10.119054117
181.000000000 -3.608331751
180.000000000 15.473237779
