260.000000000 4.881921393
259.000000000 4.008190667
258.000000000 4.444491042
257.000000000 3.940078000
256.000000000 2.288537062
255.000000000 3.965954305
254.000000000 3.014372101
253.000000000 3.143969224
252.000000000 3.475932600
251.000000000 3.664762083
250.000000000 2.786938278
249.000000000 5.127510267
248.000000000 3.013396933
247.000000000 2.825727621
246.000000000 3.962638333
245.000000000 3.036632562
244.000000000 3.194119150
243.000000000 3.661167718
242.000000000 2.024777516
241.000000000 3.136983269
240.000000000 1.842891792
239.000000000 2.646845069
238.000000000 2.025196868
237.000000000 0.825909978
236.000000000 0.600466051
235.000000000 1.428172734
234.000000000 0.128673934
233.000000000 1.151345513
232.000000000 -1.682303694
231.000000000 -1.935685034
230.000000000 -2.338445785
229.000000000 -3.039863536
228.000000000 -1.810313546
227.000000000 -4.561143957
226.000000000 -3.612911916
225.000000000 -3.798927312
224.000000000 -4.389765355
223.000000000 -2.850212658
222.000000000 -6.239414676
221.000000000 -8.648551177
220.000000000 -6.230079542
219.000000000 -12.006764165
218.000000000 -9.668820793
217.000000000 -9.959993784
216.000000000 -10.272711421
215.000000000 -7.742132953
214.000000000 -11.376076047
213.000000000 -13.262638936
212.000000000 -8.194719004
211.000000000 -5.457200272
210.000000000 -8.401093396
209.000000000 -4.898798915
208.000000000 -2.725464291
207.000000000 0.178739586
206.000000000 5.418504734
205.000000000 1.442196188
204.000000000 16.795122354
203.000000000 25.254466388
202.000000000 30.542579104
201.000000000 15.334414009
200.000000000 47.237926208
199.000000000 38.957198023
198.000000000 30.683112439
197.000000000 39.757113308
196.000000000 13.463173481
195.000000000 16.842412551
194.000000000 33.998181386
193.000000000 -16.851820558
192.000000000 17.977807541
191.000000000 0.059355855
190.000000000 8.190717665
189.000000000 10.558573600
188.000000000 41.223719395
187.000000000 -0.415185600
186.000000000 -26.732918390
185.000000000 29.894882827
184.000000000 8.305066335
183.000000000 -8.826103697
182.000000000 -6.022415777
181.000000000 12.538980440
180.000000000 37.592262513
