260.000000000 3.765663399
259.000000000 3.056335992
258.000000000 2.709781147
257.000000000 4.283781988
256.000000000 4.087082668
255.000000000 3.119168060
254.000000000 1.542590148
253.000000000 2.948436170
252.000000000 2.954763841
251.000000000 3.096069414
250.000000000 2.350849514
249.000000000 2.351049601
248.000000000 2.359720123
247.000000000 2.567832302
246.000000000 1.226334671
245.000000000 2.459612794
244.000000000 2.586238549
243.000000000 1.493703530
242.000000000 2.189239081
241.000000000 1.915670482
240.000000000 1.865389471
239.000000000 0.497096691
238.000000000 2.004706685
237.000000000 0.348296771
236.000000000 0.772215533
235.000000000 2.491170224
234.000000000 1.399387090
233.000000000 -0.535429773
232.000000000 -0.192363001
231.000000000 -2.916022345
230.000000000 -1.820859244
229.000000000 0.222269697
228.000000000 -4.968506185
227.000000000 -5.625803370
226.000000000 -6.959296848
225.000000000 -4.300901194
224.000000000 -4.038731368
223.000000000 -8.189095578
222.000000000 -2.289012735
221.000000000 -4.413378751
220.000000000 -9.415104580
219.000000000 -4.790416420
218.000000000 -14.799811839
217.000000000 -10.834828419
216.000000000 -12.657158601
215.000000000 -8.279836229
214.000000000 -7.219565627
213.000000000 -7.617092349
212.000000000 -5.266774406
211.000000000 -7.025088753
210.000000000 -6.856833323
209.000000000 -0.755516067
208.000000000 -0.035839485
207.000000000 2.229728312
206.000000000 5.703750080
205.000000000 -5.323489885
204.000000000 7.035236791
203.000000000 8.075181612
202.000000000 5.123817144
201.000000000 39.528084892
200.000000000 19.966965822
199.000000000 21.460528106
198.000000000 16.247370188
197.000000000 -4.773529117
196.000000000 3.989209729
195.000000000 9.988306841
194.000000000 2.411815904
193.000000000 0.966530669
192.000000000 37.526725178
191.000000000 -18.812782550
190.000000000 27.358438371
189.000000000 5.580092149
188.000000000 -12.715483132
187.000000000 20.416827871
186.000000000 4.171373021
185.000000000 29.288372337
184.000000000 6.526393577
183.000000000 9.841768282
182.000000000 -0.678728762
181.000000000 9.611988628
180.000000000 25.001438303
