260.000000000 -0.149913003
259.000000000 0.110735162
258.000000000 -0.295346212
257.000000000 0.307378842
256.000000000 0.156709667
255.000000000 0.310738160
254.000000000 0.883213968
253.000000000 0.325786121
252.000000000 0.805836137
251.000000000 -0.135710508
250.000000000 1.036031180
249.000000000 1.038157062
248.000000000 0.430532538
247.000000000 -0.114517779
246.000000000 0.579380208
245.000000000 -0.594414653
244.000000000 0.216871733
243.000000000 0.689563086
242.000000000 0.678520445
241.000000000 0.651010129
240.000000000 0.763120058
239.000000000 0.738351517
238.000000000 0.742880113
237.000000000 0.673619958
236.000000000 0.361275624
235.000000000 0.688465646
234.000000000 0.928711797
233.000000000 0.714451955
232.000000000 -0.193372735
231.000000000 0.871983270
230.000000000 1.090325614
229.000000000 0.705501556
228.000000000 0.888023615
227.000000000 0.469302117
226.000000000 1.273578965
225.000000000 0.753020516
224.000000000 1.003932068
223.000000000 1.402771403
222.000000000 1.042204315
221.000000000 0.742159462
220.000000000 0.746917178
219.000000000 0.153417765
218.000000000 0.971950681
217.000000000 1.165434220
216.000000000 1.399426128
215.000000000 1.542297923
214.000000000 0.331027340
213.000000000 0.829977472
212.000000000 0.868492046
211.000000000 1.678020456
210.000000000 0.800397506
209.000000000 0.950695781
208.000000000 -0.887348658
207.000000000 1.420727404
206.000000000 -0.922463825
205.000000000 0.441202498
204.000000000 2.241246434
203.000000000 1.264561483
202.000000000 2.563922636
201.000000000 1.284034867
200.000000000 0.351603909
199.000000000 1.632317230
198.000000000 1.619676283
197.000000000 1.632383432
196.000000000 0.021673486
195.000000000 2.176383011
194.000000000 0.409614780
193.000000000 1.543318705
192.000000000 1.898558256
191.000000000 0.839640516
190.000000000 1.563133629
189.000000000 2.243365866
188.000000000 0.543013694
187.000000000 1.372518108
186.000000000 0.748479792
185.000000000 2.341650391
184.000000000 1.785088929
183.000000000 1.719114655
182.000000000 0.020307791
181.000000000 1.223848183
180.000000000 2.149688829
