260.000000000 435.459808350
259.000000000 435.459808350
258.000000000 435.459808350
257.000000000 458.840423584
256.000000000 458.840423584
255.000000000 458.840423584
254.000000000 458.840423584
253.000000000 458.840423584
252.000000000 458.840423584
251.000000000 458.840423584
250.000000000 458.840423584
249.000000000 458.840423584
248.000000000 458.840423584
247.000000000 458.840423584
246.000000000 458.840423584
245.000000000 458.840423584
244.000000000 458.840423584
243.000000000 481.478240967
242.000000000 481.478240967
241.000000000 481.478240967
240.000000000 481.478240967
239.000000000 481.478240967
238.000000000 481.478240967
237.000000000 481.478240967
236.000000000 481.478240967
235.000000000 481.478240967
234.000000000 481.478240967
233.000000000 481.478240967
232.000000000 481.478240967
231.000000000 505.577087402
230.000000000 505.577087402
229.000000000 505.577087402
228.000000000 505.577087402
227.000000000 505.577087402
226.000000000 505.577087402
225.000000000 505.577087402
224.000000000 505.577087402
223.000000000 505.577087402
222.000000000 505.577087402
221.000000000 505.577087402
220.000000000 505.577087402
219.000000000 530.526062012
218.000000000 530.526062012
217.000000000 530.526062012
216.000000000 530.526062012
215.000000000 530.526062012
214.000000000 530.526062012
213.000000000 530.526062012
212.000000000 530.526062012
211.000000000 530.526062012
210.000000000 557.848999023
209.000000000 557.848999023
208.000000000 557.848999023
207.000000000 557.848999023
206.000000000 557.848999023
205.000000000 584.926574707
204.000000000 584.926574707
203.000000000 584.926574707
202.000000000 584.926574707
201.000000000 584.926574707
200.000000000 584.926574707
199.000000000 584.926574707
198.000000000 584.926574707
197.000000000 584.926574707
196.000000000 584.926574707
195.000000000 584.926574707
194.000000000 584.926574707
193.000000000 584.926574707
192.000000000 584.926574707
191.000000000 584.926574707
190.000000000 584.926574707
189.000000000 584.926574707
188.000000000 584.926574707
187.000000000 584.926574707
186.000000000 584.926574707
185.000000000 617.738342285
184.000000000 617.738342285
183.000000000 647.708862305
182.000000000 647.708862305
181.000000000 701.966430664
180.000000000 739.690490723
