260.000000000 406.693511963
259.000000000 406.693511963
258.000000000 406.693511963
257.000000000 406.693511963
256.000000000 406.693511963
255.000000000 406.693511963
254.000000000 406.693511963
253.000000000 406.693511963
252.000000000 406.693511963
251.000000000 406.693511963
250.000000000 406.693511963
249.000000000 406.693511963
248.000000000 406.693511963
247.000000000 406.693511963
246.000000000 406.693511963
245.000000000 406.693511963
244.000000000 426.304748535
243.000000000 426.304748535
242.000000000 426.304748535
241.000000000 426.304748535
240.000000000 426.304748535
239.000000000 426.304748535
238.000000000 426.304748535
237.000000000 426.304748535
236.000000000 426.304748535
235.000000000 426.304748535
234.000000000 426.304748535
233.000000000 426.304748535
232.000000000 426.304748535
231.000000000 426.304748535
230.000000000 447.120635986
229.000000000 447.120635986
228.000000000 447.120635986
227.000000000 447.120635986
226.000000000 447.120635986
225.000000000 447.120635986
224.000000000 447.120635986
223.000000000 447.120635986
222.000000000 447.120635986
221.000000000 447.120635986
220.000000000 447.120635986
219.000000000 447.120635986
218.000000000 468.360443115
217.000000000 468.360443115
216.000000000 468.360443115
215.000000000 468.360443115
214.000000000 468.360443115
213.000000000 468.360443115
212.000000000 468.360443115
211.000000000 468.360443115
210.000000000 468.360443115
209.000000000 468.360443115
208.000000000 491.924041748
207.000000000 491.924041748
206.000000000 491.924041748
205.000000000 491.924041748
204.000000000 491.924041748
203.000000000 491.924041748
202.000000000 491.924041748
201.000000000 491.924041748
200.000000000 491.924041748
199.000000000 515.529846191
198.000000000 515.529846191
197.000000000 515.529846191
196.000000000 515.529846191
195.000000000 515.529846191
194.000000000 515.529846191
193.000000000 515.529846191
192.000000000 515.529846191
191.000000000 515.529846191
190.000000000 515.529846191
189.000000000 540.425109863
188.000000000 540.425109863
187.000000000 540.425109863
186.000000000 540.425109863
185.000000000 540.425109863
184.000000000 576.099548340
183.000000000 576.099548340
182.000000000 605.409057617
181.000000000 605.409057617
180.000000000 660.696472168
