260.000000000 406.693511963
259.000000000 406.693511963
258.000000000 406.693511963
257.000000000 406.693511963
256.000000000 406.693511963
255.000000000 406.693511963
254.000000000 406.693511963
253.000000000 406.693511963
252.000000000 406.693511963
251.000000000 406.693511963
250.000000000 406.693511963
249.000000000 406.693511963
248.000000000 406.693511963
247.000000000 406.693511963
246.000000000 406.693511963
245.000000000 406.693511963
244.000000000 426.005981445
243.000000000 426.005981445
242.000000000 426.005981445
241.000000000 426.005981445
240.000000000 426.005981445
239.000000000 426.005981445
238.000000000 426.005981445
237.000000000 426.005981445
236.000000000 426.005981445
235.000000000 426.005981445
234.000000000 426.005981445
233.000000000 426.005981445
232.000000000 426.005981445
231.000000000 426.005981445
230.000000000 446.332153320
229.000000000 446.332153320
228.000000000 446.332153320
227.000000000 446.332153320
226.000000000 446.332153320
225.000000000 446.332153320
224.000000000 446.332153320
223.000000000 446.332153320
222.000000000 446.332153320
221.000000000 446.332153320
220.000000000 446.332153320
219.000000000 446.332153320
218.000000000 469.057189941
217.000000000 469.057189941
216.000000000 469.057189941
215.000000000 469.057189941
214.000000000 469.057189941
213.000000000 469.057189941
212.000000000 469.057189941
211.000000000 469.057189941
210.000000000 469.057189941
209.000000000 469.057189941
208.000000000 492.417022705
207.000000000 492.417022705
206.000000000 492.417022705
205.000000000 492.417022705
204.000000000 492.417022705
203.000000000 492.417022705
202.000000000 492.417022705
201.000000000 492.417022705
200.000000000 492.417022705
199.000000000 492.417022705
198.000000000 516.310180664
197.000000000 516.310180664
196.000000000 516.310180664
195.000000000 516.310180664
194.000000000 516.310180664
193.000000000 516.310180664
192.000000000 516.310180664
191.000000000 516.310180664
190.000000000 516.310180664
189.000000000 516.310180664
188.000000000 541.644531250
187.000000000 541.644531250
186.000000000 541.644531250
185.000000000 541.644531250
184.000000000 573.137512207
183.000000000 573.137512207
182.000000000 610.944213867
181.000000000 610.944213867
180.000000000 661.425354004
