260.000000000 406.693511963
259.000000000 406.693511963
258.000000000 406.693511963
257.000000000 406.693511963
256.000000000 406.693511963
255.000000000 406.693511963
254.000000000 406.693511963
253.000000000 406.693511963
252.000000000 406.693511963
251.000000000 406.693511963
250.000000000 406.693511963
249.000000000 406.693511963
248.000000000 406.693511963
247.000000000 406.693511963
246.000000000 406.693511963
245.000000000 406.693511963
244.000000000 426.336029053
243.000000000 426.336029053
242.000000000 426.336029053
241.000000000 426.336029053
240.000000000 426.336029053
239.000000000 426.336029053
238.000000000 426.336029053
237.000000000 426.336029053
236.000000000 426.336029053
235.000000000 426.336029053
234.000000000 426.336029053
233.000000000 426.336029053
232.000000000 426.336029053
231.000000000 426.336029053
230.000000000 446.928070068
229.000000000 446.928070068
228.000000000 446.928070068
227.000000000 446.928070068
226.000000000 446.928070068
225.000000000 446.928070068
224.000000000 446.928070068
223.000000000 446.928070068
222.000000000 446.928070068
221.000000000 446.928070068
220.000000000 446.928070068
219.000000000 446.928070068
218.000000000 469.484863281
217.000000000 469.484863281
216.000000000 469.484863281
215.000000000 469.484863281
214.000000000 469.484863281
213.000000000 469.484863281
212.000000000 469.484863281
211.000000000 469.484863281
210.000000000 469.484863281
209.000000000 469.484863281
208.000000000 492.234985352
207.000000000 492.234985352
206.000000000 492.234985352
205.000000000 492.234985352
204.000000000 492.234985352
203.000000000 492.234985352
202.000000000 492.234985352
201.000000000 492.234985352
200.000000000 492.234985352
199.000000000 492.234985352
198.000000000 516.603820801
197.000000000 516.603820801
196.000000000 516.603820801
195.000000000 516.603820801
194.000000000 516.603820801
193.000000000 516.603820801
192.000000000 516.603820801
191.000000000 516.603820801
190.000000000 516.603820801
189.000000000 516.603820801
188.000000000 541.231811523
187.000000000 541.231811523
186.000000000 541.231811523
185.000000000 541.231811523
184.000000000 574.979248047
183.000000000 574.979248047
182.000000000 609.612182617
181.000000000 609.612182617
180.000000000 654.381164551
