260.000000000 435.459808350
259.000000000 435.459808350
258.000000000 457.029663086
257.000000000 457.029663086
256.000000000 457.029663086
255.000000000 457.029663086
254.000000000 457.029663086
253.000000000 457.029663086
252.000000000 457.029663086
251.000000000 457.029663086
250.000000000 457.029663086
249.000000000 457.029663086
248.000000000 457.029663086
247.000000000 457.029663086
246.000000000 457.029663086
245.000000000 457.029663086
244.000000000 479.817321777
243.000000000 479.817321777
242.000000000 479.817321777
241.000000000 479.817321777
240.000000000 479.817321777
239.000000000 479.817321777
238.000000000 479.817321777
237.000000000 479.817321777
236.000000000 479.817321777
235.000000000 479.817321777
234.000000000 479.817321777
233.000000000 479.817321777
232.000000000 503.590545654
231.000000000 503.590545654
230.000000000 503.590545654
229.000000000 503.590545654
228.000000000 503.590545654
227.000000000 503.590545654
226.000000000 503.590545654
225.000000000 503.590545654
224.000000000 503.590545654
223.000000000 503.590545654
222.000000000 503.590545654
221.000000000 503.590545654
220.000000000 528.648681641
219.000000000 528.648681641
218.000000000 528.648681641
217.000000000 528.648681641
216.000000000 528.648681641
215.000000000 528.648681641
214.000000000 528.648681641
213.000000000 528.648681641
212.000000000 528.648681641
211.000000000 528.648681641
210.000000000 556.666748047
209.000000000 556.666748047
208.000000000 556.666748047
207.000000000 556.666748047
206.000000000 556.666748047
205.000000000 584.650207520
204.000000000 584.650207520
203.000000000 584.650207520
202.000000000 584.650207520
201.000000000 584.650207520
200.000000000 584.650207520
199.000000000 584.650207520
198.000000000 584.650207520
197.000000000 584.650207520
196.000000000 584.650207520
195.000000000 584.650207520
194.000000000 584.650207520
193.000000000 584.650207520
192.000000000 584.650207520
191.000000000 584.650207520
190.000000000 584.650207520
189.000000000 584.650207520
188.000000000 584.650207520
187.000000000 584.650207520
186.000000000 584.650207520
185.000000000 617.111145020
184.000000000 617.111145020
183.000000000 648.078247070
182.000000000 648.078247070
181.000000000 700.925109863
180.000000000 741.857360840
