260.000000000 435.459808350
259.000000000 435.459808350
258.000000000 456.611633301
257.000000000 456.611633301
256.000000000 456.611633301
255.000000000 456.611633301
254.000000000 456.611633301
253.000000000 456.611633301
252.000000000 456.611633301
251.000000000 456.611633301
250.000000000 456.611633301
249.000000000 456.611633301
248.000000000 456.611633301
247.000000000 456.611633301
246.000000000 456.611633301
245.000000000 456.611633301
244.000000000 479.933288574
243.000000000 479.933288574
242.000000000 479.933288574
241.000000000 479.933288574
240.000000000 479.933288574
239.000000000 479.933288574
238.000000000 479.933288574
237.000000000 479.933288574
236.000000000 479.933288574
235.000000000 479.933288574
234.000000000 479.933288574
233.000000000 479.933288574
232.000000000 503.581939697
231.000000000 503.581939697
230.000000000 503.581939697
229.000000000 503.581939697
228.000000000 503.581939697
227.000000000 503.581939697
226.000000000 503.581939697
225.000000000 503.581939697
224.000000000 503.581939697
223.000000000 503.581939697
222.000000000 503.581939697
221.000000000 503.581939697
220.000000000 528.553833008
219.000000000 528.553833008
218.000000000 528.553833008
217.000000000 528.553833008
216.000000000 528.553833008
215.000000000 528.553833008
214.000000000 528.553833008
213.000000000 528.553833008
212.000000000 528.553833008
211.000000000 528.553833008
210.000000000 557.260803223
209.000000000 557.260803223
208.000000000 557.260803223
207.000000000 557.260803223
206.000000000 557.260803223
205.000000000 585.758728027
204.000000000 585.758728027
203.000000000 585.758728027
202.000000000 585.758728027
201.000000000 585.758728027
200.000000000 585.758728027
199.000000000 585.758728027
198.000000000 585.758728027
197.000000000 585.758728027
196.000000000 585.758728027
195.000000000 585.758728027
194.000000000 585.758728027
193.000000000 585.758728027
192.000000000 585.758728027
191.000000000 585.758728027
190.000000000 585.758728027
189.000000000 585.758728027
188.000000000 585.758728027
187.000000000 585.758728027
186.000000000 585.758728027
185.000000000 616.959594727
184.000000000 616.959594727
183.000000000 646.725463867
182.000000000 646.725463867
181.000000000 699.173400879
180.000000000 741.310974121
