260.000000000 456.366088867
259.000000000 456.366088867
258.000000000 456.366088867
257.000000000 456.366088867
256.000000000 456.366088867
255.000000000 456.366088867
254.000000000 456.366088867
253.000000000 456.366088867
252.000000000 456.366088867
251.000000000 456.366088867
250.000000000 456.366088867
249.000000000 456.366088867
248.000000000 456.366088867
247.000000000 456.366088867
246.000000000 456.366088867
245.000000000 456.366088867
244.000000000 456.366088867
243.000000000 456.366088867
242.000000000 456.366088867
241.000000000 456.366088867
240.000000000 478.506896973
239.000000000 478.506896973
238.000000000 478.506896973
237.000000000 478.506896973
236.000000000 478.506896973
235.000000000 478.506896973
234.000000000 478.506896973
233.000000000 478.506896973
232.000000000 478.506896973
231.000000000 478.506896973
230.000000000 478.506896973
229.000000000 478.506896973
228.000000000 478.506896973
227.000000000 478.506896973
226.000000000 502.808898926
225.000000000 502.808898926
224.000000000 502.808898926
223.000000000 502.808898926
222.000000000 502.808898926
221.000000000 502.808898926
220.000000000 502.808898926
219.000000000 502.808898926
218.000000000 502.808898926
217.000000000 502.808898926
216.000000000 502.808898926
215.000000000 529.192810059
214.000000000 529.192810059
213.000000000 529.192810059
212.000000000 529.192810059
211.000000000 529.192810059
210.000000000 529.192810059
209.000000000 529.192810059
208.000000000 529.192810059
207.000000000 555.865844727
206.000000000 555.865844727
205.000000000 555.865844727
204.000000000 555.865844727
203.000000000 555.865844727
202.000000000 555.865844727
201.000000000 555.865844727
200.000000000 588.625793457
199.000000000 588.625793457
198.000000000 588.625793457
197.000000000 588.625793457
196.000000000 624.072387695
195.000000000 624.072387695
194.000000000 624.072387695
193.000000000 653.484008789
192.000000000 653.484008789
191.000000000 653.484008789
190.000000000 653.484008789
189.000000000 692.024353027
188.000000000 692.024353027
187.000000000 692.024353027
186.000000000 692.024353027
185.000000000 724.429016113
184.000000000 724.429016113
183.000000000 724.429016113
182.000000000 724.429016113
181.000000000 724.429016113
180.000000000 724.429016113
