260.000000000 456.366088867
259.000000000 456.366088867
258.000000000 456.366088867
257.000000000 456.366088867
256.000000000 456.366088867
255.000000000 456.366088867
254.000000000 456.366088867
253.000000000 456.366088867
252.000000000 456.366088867
251.000000000 456.366088867
250.000000000 456.366088867
249.000000000 456.366088867
248.000000000 456.366088867
247.000000000 456.366088867
246.000000000 456.366088867
245.000000000 456.366088867
244.000000000 456.366088867
243.000000000 456.366088867
242.000000000 456.366088867
241.000000000 456.366088867
240.000000000 477.889221191
239.000000000 477.889221191
238.000000000 477.889221191
237.000000000 477.889221191
236.000000000 477.889221191
235.000000000 477.889221191
234.000000000 477.889221191
233.000000000 477.889221191
232.000000000 477.889221191
231.000000000 477.889221191
230.000000000 477.889221191
229.000000000 477.889221191
228.000000000 500.239898682
227.000000000 500.239898682
226.000000000 500.239898682
225.000000000 500.239898682
224.000000000 500.239898682
223.000000000 500.239898682
222.000000000 500.239898682
221.000000000 500.239898682
220.000000000 500.239898682
219.000000000 500.239898682
218.000000000 500.239898682
217.000000000 524.320495605
216.000000000 524.320495605
215.000000000 524.320495605
214.000000000 524.320495605
213.000000000 524.320495605
212.000000000 524.320495605
211.000000000 524.320495605
210.000000000 524.320495605
209.000000000 524.320495605
208.000000000 550.835815430
207.000000000 550.835815430
206.000000000 550.835815430
205.000000000 550.835815430
204.000000000 550.835815430
203.000000000 550.835815430
202.000000000 550.835815430
201.000000000 582.272460938
200.000000000 582.272460938
199.000000000 582.272460938
198.000000000 582.272460938
197.000000000 614.569519043
196.000000000 614.569519043
195.000000000 614.569519043
194.000000000 643.903015137
193.000000000 643.903015137
192.000000000 643.903015137
191.000000000 675.118713379
190.000000000 675.118713379
189.000000000 675.118713379
188.000000000 675.118713379
187.000000000 711.175415039
186.000000000 711.175415039
185.000000000 711.175415039
184.000000000 711.175415039
183.000000000 711.175415039
182.000000000 746.704956055
181.000000000 746.704956055
180.000000000 746.704956055
