260.000000000 456.366088867
259.000000000 456.366088867
258.000000000 456.366088867
257.000000000 456.366088867
256.000000000 456.366088867
255.000000000 456.366088867
254.000000000 456.366088867
253.000000000 456.366088867
252.000000000 456.366088867
251.000000000 456.366088867
250.000000000 456.366088867
249.000000000 456.366088867
248.000000000 456.366088867
247.000000000 456.366088867
246.000000000 456.366088867
245.000000000 456.366088867
244.000000000 456.366088867
243.000000000 456.366088867
242.000000000 456.366088867
241.000000000 456.366088867
240.000000000 477.780517578
239.000000000 477.780517578
238.000000000 477.780517578
237.000000000 477.780517578
236.000000000 477.780517578
235.000000000 477.780517578
234.000000000 477.780517578
233.000000000 477.780517578
232.000000000 477.780517578
231.000000000 477.780517578
230.000000000 477.780517578
229.000000000 477.780517578
228.000000000 477.780517578
227.000000000 500.164733887
226.000000000 500.164733887
225.000000000 500.164733887
224.000000000 500.164733887
223.000000000 500.164733887
222.000000000 500.164733887
221.000000000 500.164733887
220.000000000 500.164733887
219.000000000 500.164733887
218.000000000 500.164733887
217.000000000 523.804992676
216.000000000 523.804992676
215.000000000 523.804992676
214.000000000 523.804992676
213.000000000 523.804992676
212.000000000 523.804992676
211.000000000 523.804992676
210.000000000 523.804992676
209.000000000 523.804992676
208.000000000 551.401367188
207.000000000 551.401367188
206.000000000 551.401367188
205.000000000 551.401367188
204.000000000 551.401367188
203.000000000 551.401367188
202.000000000 551.401367188
201.000000000 582.184387207
200.000000000 582.184387207
199.000000000 582.184387207
198.000000000 582.184387207
197.000000000 614.228393555
196.000000000 614.228393555
195.000000000 614.228393555
194.000000000 614.228393555
193.000000000 652.098999023
192.000000000 652.098999023
191.000000000 652.098999023
190.000000000 652.098999023
189.000000000 689.806945801
188.000000000 689.806945801
187.000000000 689.806945801
186.000000000 689.806945801
185.000000000 722.639709473
184.000000000 722.639709473
183.000000000 722.639709473
182.000000000 722.639709473
181.000000000 722.639709473
180.000000000 722.639709473
