260.000000000 2.900223107
259.000000000 3.925870170
258.000000000 2.833755559
257.000000000 2.465054543
256.000000000 2.002256195
255.000000000 3.543479642
254.000000000 3.783984445
253.000000000 3.034425680
252.000000000 2.401366448
251.000000000 3.734136621
250.000000000 2.996841720
249.000000000 1.926267050
248.000000000 3.784820347
247.000000000 3.537622834
246.000000000 3.605215741
245.000000000 0.873244699
244.000000000 3.276398525
243.000000000 3.509000556
242.000000000 3.131300636
241.000000000 3.083311290
240.000000000 2.196981815
239.000000000 3.617596499
238.000000000 3.023422441
237.000000000 3.442265263
236.000000000 2.073186053
235.000000000 0.499333891
234.000000000 1.065523134
233.000000000 3.669943751
232.000000000 2.381178252
231.000000000 1.749626973
230.000000000 1.434662794
229.000000000 2.323542934
228.000000000 2.797803180
227.000000000 3.052335277
226.000000000 2.525776631
225.000000000 1.445997615
224.000000000 1.423368278
223.000000000 0.859923339
222.000000000 3.487770179
221.000000000 2.380041800
220.000000000 2.534281466
219.000000000 3.781006637
218.000000000 -0.451066102
217.000000000 3.199837673
216.000000000 2.012505173
215.000000000 3.049689293
214.000000000 1.997320314
213.000000000 3.801529494
212.000000000 2.638574893
211.000000000 3.786030825
210.000000000 1.094683698
209.000000000 1.609204121
208.000000000 2.592809932
207.000000000 1.957201304
206.000000000 3.702821803
205.000000000 2.379536440
204.000000000 3.792028285
203.000000000 2.415827986
202.000000000 4.058599574
201.000000000 2.073143344
200.000000000 1.087928086
199.000000000 3.153530029
198.000000000 1.795820230
197.000000000 4.836937520
196.000000000 -3.365354249
195.000000000 1.201347020
194.000000000 1.576416458
193.000000000 -5.777472114
192.000000000 -5.434472368
191.000000000 -3.731922118
190.000000000 -10.915462617
189.000000000 -10.195219028
188.000000000 -10.608671245
187.000000000 -15.875167212
186.000000000 -16.648496809
185.000000000 -25.409385642
184.000000000 -26.128670153
183.000000000 -15.966706628
182.000000000 -25.177919465
181.000000000 -27.015307851
180.000000000 -35.511234554
