260.000000000 2.452337939
259.000000000 2.748449411
258.000000000 3.290169190
257.000000000 2.421672131
256.000000000 4.367280936
255.000000000 1.194566059
254.000000000 3.028086601
253.000000000 3.001703539
252.000000000 3.624213883
251.000000000 2.777708960
250.000000000 2.273812667
249.000000000 4.192441284
248.000000000 3.437583285
247.000000000 3.175882910
246.000000000 2.212499386
245.000000000 3.113334203
244.000000000 3.424010674
243.000000000 4.731325341
242.000000000 2.620715911
241.000000000 2.540013206
240.000000000 2.949356431
239.000000000 3.559545522
238.000000000 2.221314831
237.000000000 1.761552233
236.000000000 1.530755459
235.000000000 2.314629070
234.000000000 4.096145682
233.000000000 0.031690619
232.000000000 2.011765423
231.000000000 1.600148948
230.000000000 3.739158663
229.000000000 0.961662987
228.000000000 2.931996748
227.000000000 1.626717182
226.000000000 1.022030125
225.000000000 2.098284260
224.000000000 1.697107688
223.000000000 3.303014549
222.000000000 2.522320199
221.000000000 3.932628982
220.000000000 2.811711430
219.000000000 3.090049169
218.000000000 1.857647705
217.000000000 -0.383621540
216.000000000 -0.759864939
215.000000000 2.056244280
214.000000000 2.689977344
213.000000000 2.042807000
212.000000000 0.137880710
211.000000000 1.491027240
210.000000000 2.893825351
209.000000000 2.650516656
208.000000000 0.683268250
207.000000000 3.291981163
206.000000000 1.168434874
205.000000000 4.504917503
204.000000000 1.267476839
203.000000000 2.117947567
202.000000000 2.864368796
201.000000000 3.748225104
200.000000000 3.167938632
199.000000000 1.443044045
198.000000000 0.907421974
197.000000000 -3.280885550
196.000000000 -0.868012415
195.000000000 -1.079926440
194.000000000 -3.580399498
193.000000000 -5.036902963
192.000000000 -3.524144719
191.000000000 -3.070076781
190.000000000 -12.902333378
189.000000000 -13.202654447
188.000000000 -10.485635699
187.000000000 -9.814610044
186.000000000 -14.642929512
185.000000000 -21.266111938
184.000000000 -19.624537894
183.000000000 -35.557552864
182.000000000 -30.086443285
181.000000000 -21.401174513
180.000000000 -21.669519294
