260.000000000 2.652887970
259.000000000 3.053337350
258.000000000 2.734920317
257.000000000 2.766389068
256.000000000 1.953802761
255.000000000 2.735606703
254.000000000 2.955785775
253.000000000 3.869888547
252.000000000 1.130714903
251.000000000 3.202224800
250.000000000 2.262973090
249.000000000 3.893732265
248.000000000 2.614815920
247.000000000 4.044136270
246.000000000 2.638029758
245.000000000 3.543744919
244.000000000 2.179514283
243.000000000 2.018509672
242.000000000 3.365555242
241.000000000 2.348321329
240.000000000 3.723557341
239.000000000 2.347712692
238.000000000 1.086153140
237.000000000 2.648338331
236.000000000 1.004066385
235.000000000 4.168510682
234.000000000 3.506353311
233.000000000 3.398997664
232.000000000 2.651122078
231.000000000 1.754136266
230.000000000 1.942557058
229.000000000 1.355875521
228.000000000 2.640577058
227.000000000 2.317140568
226.000000000 3.686549189
225.000000000 1.815020984
224.000000000 2.130333501
223.000000000 2.005618100
222.000000000 2.385902505
221.000000000 3.604902622
220.000000000 3.432557531
219.000000000 2.238870987
218.000000000 0.853065546
217.000000000 3.112043151
216.000000000 1.768506636
215.000000000 2.917280945
214.000000000 4.362100828
213.000000000 2.728087543
212.000000000 0.612225193
211.000000000 2.948724654
210.000000000 -0.212028830
209.000000000 1.582011176
208.000000000 3.383834430
207.000000000 2.948709724
206.000000000 2.772225805
205.000000000 2.407645672
204.000000000 0.350365457
203.000000000 2.855682052
202.000000000 0.561942260
201.000000000 4.040659631
200.000000000 -1.514998976
199.000000000 5.029453674
198.000000000 -0.394807092
197.000000000 1.393716290
196.000000000 -2.852594456
195.000000000 -1.384053836
194.000000000 -2.331578180
193.000000000 -0.586081613
192.000000000 -1.623628886
191.000000000 -6.299331370
190.000000000 -10.173941598
189.000000000 -9.061461053
188.000000000 -14.039676862
187.000000000 -16.998635642
186.000000000 -15.515899308
185.000000000 -20.550844484
184.000000000 -31.394661520
183.000000000 -27.481872202
182.000000000 -29.510784975
181.000000000 -25.549829777
180.000000000 -20.804425344
