260.000000000 -0.487374199
259.000000000 0.363947584
258.000000000 -0.405115267
257.000000000 -0.466115333
256.000000000 0.212510526
255.000000000 -0.323983382
254.000000000 0.218681753
253.000000000 0.643809878
252.000000000 -0.308708932
251.000000000 0.533231065
250.000000000 0.401744486
249.000000000 0.254718799
248.000000000 -0.058622510
247.000000000 1.175272302
246.000000000 0.752567532
245.000000000 0.328706017
244.000000000 0.117744525
243.000000000 0.464989142
242.000000000 0.357463179
241.000000000 0.959316566
240.000000000 1.227930468
239.000000000 1.010968623
238.000000000 1.362008701
237.000000000 1.390655395
236.000000000 0.889412808
235.000000000 1.252057924
234.000000000 0.792574517
233.000000000 1.507027446
232.000000000 2.062789743
231.000000000 0.757603937
230.000000000 1.429856582
229.000000000 0.537084222
228.000000000 1.522834940
227.000000000 1.382459575
226.000000000 0.102913776
225.000000000 2.185531070
224.000000000 1.947127286
223.000000000 1.586206084
222.000000000 1.341717675
221.000000000 0.976937099
220.000000000 1.942833136
219.000000000 2.291779339
218.000000000 3.439226371
217.000000000 1.908378671
216.000000000 1.173630378
215.000000000 2.837011412
214.000000000 2.845355970
213.000000000 2.576990630
212.000000000 2.132538999
211.000000000 3.611363808
210.000000000 2.419610711
209.000000000 1.578453656
208.000000000 2.515798581
207.000000000 2.759128309
206.000000000 2.296442381
205.000000000 2.197223955
204.000000000 3.034502255
203.000000000 1.819880538
202.000000000 2.439774626
201.000000000 3.732756046
200.000000000 3.466295675
199.000000000 3.890620513
198.000000000 2.519355388
197.000000000 2.461232755
196.000000000 2.622668487
195.000000000 0.388791330
194.000000000 4.822328295
193.000000000 2.601129094
192.000000000 2.611397603
191.000000000 2.658335377
190.000000000 0.982167723
189.000000000 3.840093931
188.000000000 3.701808664
187.000000000 5.032474843
186.000000000 3.414016062
185.000000000 3.459643085
184.000000000 1.126800290
183.000000000 -0.129139056
182.000000000 5.443528541
181.000000000 1.079336045
180.000000000 0.597894289
