260.000000000 0.101973903
259.000000000 -0.285372598
258.000000000 0.509652831
257.000000000 0.623409439
256.000000000 -0.009223473
255.000000000 1.067844210
254.000000000 0.595907957
253.000000000 0.661267495
252.000000000 0.038544296
251.000000000 0.237598889
250.000000000 0.360426371
249.000000000 0.871169748
248.000000000 0.586977316
247.000000000 1.068020230
246.000000000 0.679035159
245.000000000 0.506296247
244.000000000 1.009588697
243.000000000 1.011191657
242.000000000 0.328441039
241.000000000 -0.064347919
240.000000000 1.208379115
239.000000000 0.446092715
238.000000000 1.174554400
237.000000000 0.464376026
236.000000000 1.279107027
235.000000000 0.762352503
234.000000000 0.517997356
233.000000000 0.576923402
232.000000000 1.579608167
231.000000000 0.946421457
230.000000000 1.512930412
229.000000000 1.196369815
228.000000000 1.403173935
227.000000000 1.057515052
226.000000000 1.046122190
225.000000000 1.062819500
224.000000000 2.128446245
223.000000000 2.335159356
222.000000000 2.185008209
221.000000000 2.385300087
220.000000000 1.975843639
219.000000000 2.859890668
218.000000000 2.036768103
217.000000000 1.814279455
216.000000000 2.500764553
215.000000000 2.785513740
214.000000000 2.746348716
213.000000000 3.519053840
212.000000000 0.858140660
211.000000000 1.349589018
210.000000000 2.757305565
209.000000000 2.805414658
208.000000000 2.447714754
207.000000000 1.815588635
206.000000000 4.030040988
205.000000000 3.111042802
204.000000000 2.163819063
203.000000000 3.140132553
202.000000000 2.839427793
201.000000000 3.092520364
200.000000000 3.103763706
199.000000000 2.875671612
198.000000000 2.525770411
197.000000000 3.416866450
196.000000000 1.506531610
195.000000000 2.920536618
194.000000000 4.968001691
193.000000000 3.338760163
192.000000000 1.911813175
191.000000000 2.585075132
190.000000000 4.155265883
189.000000000 2.941839069
188.000000000 2.147046059
187.000000000 1.498886463
186.000000000 2.538781260
185.000000000 0.838041057
184.000000000 4.049016124
183.000000000 2.491935961
182.000000000 1.817572833
181.000000000 1.548911862
180.000000000 -0.255593563
