260.000000000 -0.600180395
259.000000000 -0.175041732
258.000000000 0.344951020
257.000000000 0.478246972
256.000000000 -0.120339404
255.000000000 0.299463109
254.000000000 0.256126044
253.000000000 0.359959812
252.000000000 0.059039798
251.000000000 0.222018154
250.000000000 0.735515034
249.000000000 1.293717276
248.000000000 0.315172571
247.000000000 0.586892650
246.000000000 0.707071904
245.000000000 0.204340804
244.000000000 0.433845426
243.000000000 0.465626629
242.000000000 0.519813492
241.000000000 0.656671786
240.000000000 0.520790654
239.000000000 1.034435541
238.000000000 0.352281053
237.000000000 1.553737952
236.000000000 0.074841820
235.000000000 0.290817233
234.000000000 1.109902112
233.000000000 1.305100734
232.000000000 1.195539989
231.000000000 0.078395369
230.000000000 1.795156821
229.000000000 1.956995047
228.000000000 1.297900322
227.000000000 2.069889896
226.000000000 1.944393328
225.000000000 1.693052135
224.000000000 1.981907154
223.000000000 3.501384545
222.000000000 1.288133344
221.000000000 1.530683413
220.000000000 2.368595974
219.000000000 1.855280220
218.000000000 3.657938038
217.000000000 2.280128277
216.000000000 2.328526854
215.000000000 2.332031633
214.000000000 2.229208501
213.000000000 1.715747352
212.000000000 2.492871137
211.000000000 2.599863736
210.000000000 2.679706686
209.000000000 2.710990549
208.000000000 2.640908613
207.000000000 2.094883810
206.000000000 3.373688200
205.000000000 3.651336323
204.000000000 2.425238696
203.000000000 1.898871916
202.000000000 2.490246949
201.000000000 3.443050634
200.000000000 3.959128218
199.000000000 3.207304673
198.000000000 4.096458181
197.000000000 2.600306841
196.000000000 3.279383751
195.000000000 3.631847527
194.000000000 5.266046734
193.000000000 2.815721534
192.000000000 2.135635985
191.000000000 2.051673207
190.000000000 4.934265595
189.000000000 5.378097686
188.000000000 4.599726373
187.000000000 1.067686924
186.000000000 1.481294008
185.000000000 4.299594228
184.000000000 1.981129273
183.000000000 1.654822319
182.000000000 6.695629234
181.000000000 2.111679025
180.000000000 0.541824105
