260.000000000 435.459808350
259.000000000 435.459808350
258.000000000 435.459808350
257.000000000 435.459808350
256.000000000 435.459808350
255.000000000 435.459808350
254.000000000 435.459808350
253.000000000 435.459808350
252.000000000 435.459808350
251.000000000 435.459808350
250.000000000 435.459808350
249.000000000 435.459808350
248.000000000 435.459808350
247.000000000 435.459808350
246.000000000 435.459808350
245.000000000 435.459808350
244.000000000 435.459808350
243.000000000 435.459808350
242.000000000 435.459808350
241.000000000 435.459808350
240.000000000 435.459808350
239.000000000 435.459808350
238.000000000 435.459808350
237.000000000 435.459808350
236.000000000 435.459808350
235.000000000 435.459808350
234.000000000 435.459808350
233.000000000 435.459808350
232.000000000 435.459808350
231.000000000 435.459808350
230.000000000 435.459808350
229.000000000 435.459808350
228.000000000 435.459808350
227.000000000 435.459808350
226.000000000 435.459808350
225.000000000 435.459808350
224.000000000 435.459808350
223.000000000 435.459808350
222.000000000 435.459808350
221.000000000 435.459808350
220.000000000 435.459808350
219.000000000 435.459808350
218.000000000 435.459808350
217.000000000 435.459808350
216.000000000 435.459808350
215.000000000 435.459808350
214.000000000 435.459808350
213.000000000 435.459808350
212.000000000 435.459808350
211.000000000 435.459808350
210.000000000 435.459808350
209.000000000 435.459808350
208.000000000 435.459808350
207.000000000 435.459808350
206.000000000 435.459808350
205.000000000 435.459808350
204.000000000 435.459808350
203.000000000 435.459808350
202.000000000 435.459808350
201.000000000 435.459808350
200.000000000 435.459808350
199.000000000 435.459808350
198.000000000 435.459808350
197.000000000 435.459808350
196.000000000 435.459808350
195.000000000 435.459808350
194.000000000 435.459808350
193.000000000 435.459808350
192.000000000 435.459808350
191.000000000 435.459808350
190.000000000 435.459808350
189.000000000 435.459808350
188.000000000 435.459808350
187.000000000 435.459808350
186.000000000 435.459808350
185.000000000 435.459808350
184.000000000 435.459808350
183.000000000 435.459808350
182.000000000 435.459808350
181.000000000 435.459808350
180.000000000 435.459808350
