260.000000000 406.693511963
259.000000000 406.693511963
258.000000000 406.693511963
257.000000000 406.693511963
256.000000000 406.693511963
255.000000000 406.693511963
254.000000000 406.693511963
253.000000000 406.693511963
252.000000000 406.693511963
251.000000000 406.693511963
250.000000000 406.693511963
249.000000000 406.693511963
248.000000000 406.693511963
247.000000000 406.693511963
246.000000000 406.693511963
245.000000000 406.693511963
244.000000000 425.901580811
243.000000000 425.901580811
242.000000000 425.901580811
241.000000000 425.901580811
240.000000000 425.901580811
239.000000000 425.901580811
238.000000000 425.901580811
237.000000000 425.901580811
236.000000000 425.901580811
235.000000000 425.901580811
234.000000000 425.901580811
233.000000000 425.901580811
232.000000000 425.901580811
231.000000000 425.901580811
230.000000000 446.235351562
229.000000000 446.235351562
228.000000000 446.235351562
227.000000000 446.235351562
226.000000000 446.235351562
225.000000000 446.235351562
224.000000000 446.235351562
223.000000000 446.235351562
222.000000000 446.235351562
221.000000000 446.235351562
220.000000000 446.235351562
219.000000000 446.235351562
218.000000000 467.816558838
217.000000000 467.816558838
216.000000000 467.816558838
215.000000000 467.816558838
214.000000000 467.816558838
213.000000000 467.816558838
212.000000000 467.816558838
211.000000000 467.816558838
210.000000000 467.816558838
209.000000000 467.816558838
208.000000000 490.119323730
207.000000000 490.119323730
206.000000000 490.119323730
205.000000000 490.119323730
204.000000000 490.119323730
203.000000000 490.119323730
202.000000000 490.119323730
201.000000000 490.119323730
200.000000000 490.119323730
199.000000000 514.642272949
198.000000000 514.642272949
197.000000000 514.642272949
196.000000000 514.642272949
195.000000000 514.642272949
194.000000000 514.642272949
193.000000000 514.642272949
192.000000000 514.642272949
191.000000000 514.642272949
190.000000000 514.642272949
189.000000000 514.642272949
188.000000000 541.880004883
187.000000000 541.880004883
186.000000000 541.880004883
185.000000000 541.880004883
184.000000000 570.819396973
183.000000000 570.819396973
182.000000000 606.676208496
181.000000000 606.676208496
180.000000000 652.980895996
