260.000000000 406.693511963
259.000000000 406.693511963
258.000000000 406.693511963
257.000000000 406.693511963
256.000000000 406.693511963
255.000000000 406.693511963
254.000000000 406.693511963
253.000000000 406.693511963
252.000000000 406.693511963
251.000000000 406.693511963
250.000000000 406.693511963
249.000000000 406.693511963
248.000000000 406.693511963
247.000000000 406.693511963
246.000000000 406.693511963
245.000000000 406.693511963
244.000000000 427.159454346
243.000000000 427.159454346
242.000000000 427.159454346
241.000000000 427.159454346
240.000000000 427.159454346
239.000000000 427.159454346
238.000000000 427.159454346
237.000000000 427.159454346
236.000000000 427.159454346
235.000000000 427.159454346
234.000000000 427.159454346
233.000000000 427.159454346
232.000000000 427.159454346
231.000000000 427.159454346
230.000000000 427.159454346
229.000000000 447.463714600
228.000000000 447.463714600
227.000000000 447.463714600
226.000000000 447.463714600
225.000000000 447.463714600
224.000000000 447.463714600
223.000000000 447.463714600
222.000000000 447.463714600
221.000000000 447.463714600
220.000000000 447.463714600
219.000000000 447.463714600
218.000000000 447.463714600
217.000000000 470.507629395
216.000000000 470.507629395
215.000000000 470.507629395
214.000000000 470.507629395
213.000000000 470.507629395
212.000000000 470.507629395
211.000000000 470.507629395
210.000000000 470.507629395
209.000000000 470.507629395
208.000000000 470.507629395
207.000000000 495.376007080
206.000000000 495.376007080
205.000000000 495.376007080
204.000000000 495.376007080
203.000000000 495.376007080
202.000000000 495.376007080
201.000000000 495.376007080
200.000000000 495.376007080
199.000000000 495.376007080
198.000000000 495.376007080
197.000000000 518.849487305
196.000000000 518.849487305
195.000000000 518.849487305
194.000000000 518.849487305
193.000000000 518.849487305
192.000000000 518.849487305
191.000000000 518.849487305
190.000000000 518.849487305
189.000000000 518.849487305
188.000000000 518.849487305
187.000000000 545.213867188
186.000000000 545.213867188
185.000000000 545.213867188
184.000000000 573.873107910
183.000000000 573.873107910
182.000000000 603.866088867
181.000000000 603.866088867
180.000000000 662.718688965
