260.000000000 406.693511963
259.000000000 406.693511963
258.000000000 406.693511963
257.000000000 406.693511963
256.000000000 406.693511963
255.000000000 406.693511963
254.000000000 406.693511963
253.000000000 406.693511963
252.000000000 406.693511963
251.000000000 406.693511963
250.000000000 406.693511963
249.000000000 406.693511963
248.000000000 406.693511963
247.000000000 406.693511963
246.000000000 406.693511963
245.000000000 406.693511963
244.000000000 426.703491211
243.000000000 426.703491211
242.000000000 426.703491211
241.000000000 426.703491211
240.000000000 426.703491211
239.000000000 426.703491211
238.000000000 426.703491211
237.000000000 426.703491211
236.000000000 426.703491211
235.000000000 426.703491211
234.000000000 426.703491211
233.000000000 426.703491211
232.000000000 426.703491211
231.000000000 426.703491211
230.000000000 426.703491211
229.000000000 447.316589355
228.000000000 447.316589355
227.000000000 447.316589355
226.000000000 447.316589355
225.000000000 447.316589355
224.000000000 447.316589355
223.000000000 447.316589355
222.000000000 447.316589355
221.000000000 447.316589355
220.000000000 447.316589355
219.000000000 447.316589355
218.000000000 447.316589355
217.000000000 468.750793457
216.000000000 468.750793457
215.000000000 468.750793457
214.000000000 468.750793457
213.000000000 468.750793457
212.000000000 468.750793457
211.000000000 468.750793457
210.000000000 468.750793457
209.000000000 468.750793457
208.000000000 468.750793457
207.000000000 493.651794434
206.000000000 493.651794434
205.000000000 493.651794434
204.000000000 493.651794434
203.000000000 493.651794434
202.000000000 493.651794434
201.000000000 493.651794434
200.000000000 493.651794434
199.000000000 493.651794434
198.000000000 493.651794434
197.000000000 517.883972168
196.000000000 517.883972168
195.000000000 517.883972168
194.000000000 517.883972168
193.000000000 517.883972168
192.000000000 517.883972168
191.000000000 517.883972168
190.000000000 517.883972168
189.000000000 517.883972168
188.000000000 517.883972168
187.000000000 544.069458008
186.000000000 544.069458008
185.000000000 544.069458008
184.000000000 570.876220703
183.000000000 570.876220703
182.000000000 606.696411133
181.000000000 606.696411133
180.000000000 653.696105957
