260.000000000 -0.623452272
259.000000000 0.558769207
258.000000000 0.604807693
257.000000000 1.314355166
256.000000000 0.127648776
255.000000000 0.091355772
254.000000000 0.574198337
253.000000000 0.431267508
252.000000000 0.744096888
251.000000000 -0.195626795
250.000000000 0.334688342
249.000000000 0.073507895
248.000000000 -0.062078513
247.000000000 -0.051231013
246.000000000 1.484677716
245.000000000 -0.117648261
244.000000000 0.500539979
243.000000000 1.452067964
242.000000000 1.420104920
241.000000000 1.142080514
240.000000000 0.510676660
239.000000000 1.041029456
238.000000000 1.596486756
237.000000000 1.354045897
236.000000000 1.629507374
235.000000000 1.673420304
234.000000000 0.232806570
233.000000000 0.882164193
232.000000000 2.158369362
231.000000000 1.027732577
230.000000000 0.919960115
229.000000000 1.582999719
228.000000000 2.172509615
227.000000000 2.032996853
226.000000000 1.417227419
225.000000000 1.863921596
224.000000000 1.485200041
223.000000000 1.999061716
222.000000000 2.737431817
221.000000000 2.426813038
220.000000000 2.522020276
219.000000000 2.598616980
218.000000000 3.706844272
217.000000000 2.144289476
216.000000000 3.788487122
215.000000000 3.546405402
214.000000000 1.741451423
213.000000000 2.384274393
212.000000000 2.678020519
211.000000000 2.570355777
210.000000000 1.823851321
209.000000000 2.772464675
208.000000000 2.553482340
207.000000000 2.599300318
206.000000000 3.514380773
205.000000000 3.122769757
204.000000000 4.850524205
203.000000000 1.750512762
202.000000000 4.006653040
201.000000000 4.121407318
200.000000000 4.300945204
199.000000000 4.014630417
198.000000000 4.277918441
197.000000000 5.849004445
196.000000000 2.546079482
195.000000000 4.029290482
194.000000000 2.773003698
193.000000000 4.099023939
192.000000000 6.407225929
191.000000000 3.574282905
190.000000000 5.626119868
189.000000000 5.490856266
188.000000000 3.692675313
187.000000000 3.574156440
186.000000000 3.551810820
185.000000000 5.005899107
184.000000000 4.242676753
183.000000000 3.884715533
182.000000000 3.486618063
181.000000000 1.602529473
180.000000000 -5.074348616
