260.000000000 0.752249237
259.000000000 0.526217841
258.000000000 0.862788334
257.000000000 1.243165866
256.000000000 0.578735594
255.000000000 0.529687558
254.000000000 0.495562612
253.000000000 -0.082253049
252.000000000 0.369513117
251.000000000 0.523670857
250.000000000 0.102596610
249.000000000 0.508403145
248.000000000 1.449608370
247.000000000 1.873512488
246.000000000 1.351507587
245.000000000 0.406583679
244.000000000 1.454863055
243.000000000 1.775905351
242.000000000 0.372229652
241.000000000 -0.001750888
240.000000000 0.526510170
239.000000000 0.570378572
238.000000000 1.238385719
237.000000000 1.129558841
236.000000000 1.580983745
235.000000000 1.543495674
234.000000000 1.219468566
233.000000000 2.153479656
232.000000000 1.249813539
231.000000000 1.062117450
230.000000000 0.653657960
229.000000000 2.032503862
228.000000000 2.068025936
227.000000000 2.000902930
226.000000000 2.231885882
225.000000000 2.513767693
224.000000000 2.001088791
223.000000000 1.907601507
222.000000000 2.016350503
221.000000000 2.425730587
220.000000000 3.396328078
219.000000000 3.289219856
218.000000000 3.257967773
217.000000000 3.256058178
216.000000000 2.875910387
215.000000000 3.820381648
214.000000000 2.690094612
213.000000000 3.006126727
212.000000000 2.880570715
211.000000000 2.501501554
210.000000000 1.757574418
209.000000000 2.624897300
208.000000000 3.909216804
207.000000000 5.093080608
206.000000000 4.512867554
205.000000000 2.788352835
204.000000000 3.827333378
203.000000000 2.534727369
202.000000000 4.610327797
201.000000000 6.022206452
200.000000000 3.722947735
199.000000000 3.240281399
198.000000000 1.475604291
197.000000000 4.443095602
196.000000000 4.801791860
195.000000000 3.818879633
194.000000000 3.018459025
193.000000000 4.882947426
192.000000000 4.671015021
191.000000000 5.154026642
190.000000000 6.331916460
189.000000000 5.270404866
188.000000000 4.785652996
187.000000000 2.277251601
186.000000000 3.356365126
185.000000000 5.315250073
184.000000000 3.866973020
183.000000000 4.546106494
182.000000000 2.602838020
181.000000000 1.212464651
180.000000000 2.133682880
