260.000000000 0.357604407
259.000000000 0.273263985
258.000000000 0.431244629
257.000000000 1.170425670
256.000000000 0.256876019
255.000000000 0.594548601
254.000000000 0.271759061
253.000000000 0.849729052
252.000000000 0.618164220
251.000000000 0.741842779
250.000000000 1.075591353
249.000000000 0.056412349
248.000000000 -0.333722480
247.000000000 0.626257211
246.000000000 1.423748075
245.000000000 -0.009518228
244.000000000 0.718810941
243.000000000 0.590061724
242.000000000 1.424369773
241.000000000 1.863745210
240.000000000 0.355930130
239.000000000 1.897103027
238.000000000 0.946907398
237.000000000 1.420251901
236.000000000 0.470532654
235.000000000 1.780931692
234.000000000 1.681121296
233.000000000 1.815456021
232.000000000 2.090922175
231.000000000 1.834966680
230.000000000 1.710879651
229.000000000 1.109437309
228.000000000 1.751549790
227.000000000 1.172036599
226.000000000 1.710088397
225.000000000 1.937807033
224.000000000 2.950395247
223.000000000 2.695728528
222.000000000 1.342587016
221.000000000 2.081861845
220.000000000 2.636505989
219.000000000 2.499238995
218.000000000 3.738007443
217.000000000 1.425339056
216.000000000 2.735718215
215.000000000 2.867348216
214.000000000 1.975481281
213.000000000 3.046099890
212.000000000 3.740427476
211.000000000 2.303416560
210.000000000 2.028461406
209.000000000 3.712100051
208.000000000 3.057392705
207.000000000 3.507319822
206.000000000 3.489545847
205.000000000 3.786536155
204.000000000 2.355347116
203.000000000 3.847546602
202.000000000 4.381752243
201.000000000 2.552874451
200.000000000 5.184223161
199.000000000 1.537271571
198.000000000 3.070876930
197.000000000 5.218758726
196.000000000 4.359553093
195.000000000 5.779212526
194.000000000 5.255758790
193.000000000 3.758353508
192.000000000 4.692103502
191.000000000 4.104237468
190.000000000 3.691619689
189.000000000 4.649912111
188.000000000 3.494699603
187.000000000 3.491963265
186.000000000 2.436051381
185.000000000 7.837870014
184.000000000 3.488283165
183.000000000 6.062023987
182.000000000 2.637702000
181.000000000 -0.215516480
180.000000000 1.543813746
