260.000000000 406.693511963
259.000000000 406.693511963
258.000000000 406.693511963
257.000000000 406.693511963
256.000000000 406.693511963
255.000000000 406.693511963
254.000000000 406.693511963
253.000000000 406.693511963
252.000000000 406.693511963
251.000000000 406.693511963
250.000000000 406.693511963
249.000000000 406.693511963
248.000000000 406.693511963
247.000000000 406.693511963
246.000000000 406.693511963
245.000000000 406.693511963
244.000000000 425.859283447
243.000000000 425.859283447
242.000000000 425.859283447
241.000000000 425.859283447
240.000000000 425.859283447
239.000000000 425.859283447
238.000000000 425.859283447
237.000000000 425.859283447
236.000000000 425.859283447
235.000000000 425.859283447
234.000000000 425.859283447
233.000000000 425.859283447
232.000000000 425.859283447
231.000000000 425.859283447
230.000000000 446.112701416
229.000000000 446.112701416
228.000000000 446.112701416
227.000000000 446.112701416
226.000000000 446.112701416
225.000000000 446.112701416
224.000000000 446.112701416
223.000000000 446.112701416
222.000000000 446.112701416
221.000000000 446.112701416
220.000000000 446.112701416
219.000000000 446.112701416
218.000000000 468.396942139
217.000000000 468.396942139
216.000000000 468.396942139
215.000000000 468.396942139
214.000000000 468.396942139
213.000000000 468.396942139
212.000000000 468.396942139
211.000000000 468.396942139
210.000000000 468.396942139
209.000000000 468.396942139
208.000000000 491.357940674
207.000000000 491.357940674
206.000000000 491.357940674
205.000000000 491.357940674
204.000000000 491.357940674
203.000000000 491.357940674
202.000000000 491.357940674
201.000000000 491.357940674
200.000000000 491.357940674
199.000000000 514.603027344
198.000000000 514.603027344
197.000000000 514.603027344
196.000000000 514.603027344
195.000000000 514.603027344
194.000000000 514.603027344
193.000000000 514.603027344
192.000000000 514.603027344
191.000000000 514.603027344
190.000000000 514.603027344
189.000000000 538.975463867
188.000000000 538.975463867
187.000000000 538.975463867
186.000000000 538.975463867
185.000000000 564.489379883
184.000000000 564.489379883
183.000000000 590.904724121
182.000000000 590.904724121
181.000000000 632.878540039
180.000000000 632.878540039
