260.000000000 463.976013184
259.000000000 463.976013184
258.000000000 463.976013184
257.000000000 463.976013184
256.000000000 463.976013184
255.000000000 463.976013184
254.000000000 463.976013184
253.000000000 463.976013184
252.000000000 463.976013184
251.000000000 463.976013184
250.000000000 463.976013184
249.000000000 463.976013184
248.000000000 486.667297363
247.000000000 486.667297363
246.000000000 486.667297363
245.000000000 486.667297363
244.000000000 486.667297363
243.000000000 486.667297363
242.000000000 486.667297363
241.000000000 486.667297363
240.000000000 486.667297363
239.000000000 486.667297363
238.000000000 486.667297363
237.000000000 486.667297363
236.000000000 510.255157471
235.000000000 510.255157471
234.000000000 510.255157471
233.000000000 510.255157471
232.000000000 510.255157471
231.000000000 510.255157471
230.000000000 510.255157471
229.000000000 510.255157471
228.000000000 510.255157471
227.000000000 510.255157471
226.000000000 510.255157471
225.000000000 510.255157471
224.000000000 510.255157471
223.000000000 537.061584473
222.000000000 537.061584473
221.000000000 537.061584473
220.000000000 537.061584473
219.000000000 537.061584473
218.000000000 537.061584473
217.000000000 537.061584473
216.000000000 537.061584473
215.000000000 537.061584473
214.000000000 537.061584473
213.000000000 563.908874512
212.000000000 563.908874512
211.000000000 563.908874512
210.000000000 563.908874512
209.000000000 563.908874512
208.000000000 563.908874512
207.000000000 594.646728516
206.000000000 594.646728516
205.000000000 594.646728516
204.000000000 594.646728516
203.000000000 594.646728516
202.000000000 594.646728516
201.000000000 594.646728516
200.000000000 594.646728516
199.000000000 594.646728516
198.000000000 594.646728516
197.000000000 594.646728516
196.000000000 594.646728516
195.000000000 594.646728516
194.000000000 594.646728516
193.000000000 594.646728516
192.000000000 594.646728516
191.000000000 594.646728516
190.000000000 594.646728516
189.000000000 594.646728516
188.000000000 594.646728516
187.000000000 594.646728516
186.000000000 630.142517090
185.000000000 630.142517090
184.000000000 630.142517090
183.000000000 674.327026367
182.000000000 674.327026367
181.000000000 728.985046387
180.000000000 728.985046387
