260.000000000 463.976013184
259.000000000 463.976013184
258.000000000 463.976013184
257.000000000 463.976013184
256.000000000 463.976013184
255.000000000 463.976013184
254.000000000 463.976013184
253.000000000 463.976013184
252.000000000 463.976013184
251.000000000 463.976013184
250.000000000 463.976013184
249.000000000 463.976013184
248.000000000 487.337066650
247.000000000 487.337066650
246.000000000 487.337066650
245.000000000 487.337066650
244.000000000 487.337066650
243.000000000 487.337066650
242.000000000 487.337066650
241.000000000 487.337066650
240.000000000 487.337066650
239.000000000 487.337066650
238.000000000 487.337066650
237.000000000 487.337066650
236.000000000 487.337066650
235.000000000 512.973205566
234.000000000 512.973205566
233.000000000 512.973205566
232.000000000 512.973205566
231.000000000 512.973205566
230.000000000 512.973205566
229.000000000 512.973205566
228.000000000 512.973205566
227.000000000 512.973205566
226.000000000 512.973205566
225.000000000 512.973205566
224.000000000 512.973205566
223.000000000 537.795959473
222.000000000 537.795959473
221.000000000 537.795959473
220.000000000 537.795959473
219.000000000 537.795959473
218.000000000 537.795959473
217.000000000 537.795959473
216.000000000 537.795959473
215.000000000 537.795959473
214.000000000 537.795959473
213.000000000 564.565979004
212.000000000 564.565979004
211.000000000 564.565979004
210.000000000 564.565979004
209.000000000 564.565979004
208.000000000 564.565979004
207.000000000 594.478088379
206.000000000 594.478088379
205.000000000 594.478088379
204.000000000 594.478088379
203.000000000 594.478088379
202.000000000 594.478088379
201.000000000 594.478088379
200.000000000 594.478088379
199.000000000 594.478088379
198.000000000 594.478088379
197.000000000 594.478088379
196.000000000 594.478088379
195.000000000 594.478088379
194.000000000 594.478088379
193.000000000 594.478088379
192.000000000 594.478088379
191.000000000 594.478088379
190.000000000 594.478088379
189.000000000 594.478088379
188.000000000 594.478088379
187.000000000 623.906860352
186.000000000 623.906860352
185.000000000 623.906860352
184.000000000 623.906860352
183.000000000 674.091979980
182.000000000 674.091979980
181.000000000 725.014343262
180.000000000 765.154785156
