260.000000000 406.693511963
259.000000000 406.693511963
258.000000000 406.693511963
257.000000000 406.693511963
256.000000000 406.693511963
255.000000000 406.693511963
254.000000000 406.693511963
253.000000000 406.693511963
252.000000000 406.693511963
251.000000000 406.693511963
250.000000000 406.693511963
249.000000000 406.693511963
248.000000000 406.693511963
247.000000000 406.693511963
246.000000000 406.693511963
245.000000000 406.693511963
244.000000000 426.229949951
243.000000000 426.229949951
242.000000000 426.229949951
241.000000000 426.229949951
240.000000000 426.229949951
239.000000000 426.229949951
238.000000000 426.229949951
237.000000000 426.229949951
236.000000000 426.229949951
235.000000000 426.229949951
234.000000000 426.229949951
233.000000000 426.229949951
232.000000000 426.229949951
231.000000000 426.229949951
230.000000000 426.229949951
229.000000000 447.542175293
228.000000000 447.542175293
227.000000000 447.542175293
226.000000000 447.542175293
225.000000000 447.542175293
224.000000000 447.542175293
223.000000000 447.542175293
222.000000000 447.542175293
221.000000000 447.542175293
220.000000000 447.542175293
219.000000000 447.542175293
218.000000000 447.542175293
217.000000000 470.280151367
216.000000000 470.280151367
215.000000000 470.280151367
214.000000000 470.280151367
213.000000000 470.280151367
212.000000000 470.280151367
211.000000000 470.280151367
210.000000000 470.280151367
209.000000000 470.280151367
208.000000000 470.280151367
207.000000000 493.647583008
206.000000000 493.647583008
205.000000000 493.647583008
204.000000000 493.647583008
203.000000000 493.647583008
202.000000000 493.647583008
201.000000000 493.647583008
200.000000000 493.647583008
199.000000000 493.647583008
198.000000000 517.073486328
197.000000000 517.073486328
196.000000000 517.073486328
195.000000000 517.073486328
194.000000000 517.073486328
193.000000000 517.073486328
192.000000000 517.073486328
191.000000000 517.073486328
190.000000000 517.073486328
189.000000000 517.073486328
188.000000000 542.535644531
187.000000000 542.535644531
186.000000000 542.535644531
185.000000000 542.535644531
184.000000000 571.445922852
183.000000000 571.445922852
182.000000000 605.268615723
181.000000000 605.268615723
180.000000000 653.780273438
