260.000000000 406.693511963
259.000000000 406.693511963
258.000000000 406.693511963
257.000000000 406.693511963
256.000000000 406.693511963
255.000000000 406.693511963
254.000000000 406.693511963
253.000000000 406.693511963
252.000000000 406.693511963
251.000000000 406.693511963
250.000000000 406.693511963
249.000000000 406.693511963
248.000000000 406.693511963
247.000000000 406.693511963
246.000000000 406.693511963
245.000000000 406.693511963
244.000000000 426.516693115
243.000000000 426.516693115
242.000000000 426.516693115
241.000000000 426.516693115
240.000000000 426.516693115
239.000000000 426.516693115
238.000000000 426.516693115
237.000000000 426.516693115
236.000000000 426.516693115
235.000000000 426.516693115
234.000000000 426.516693115
233.000000000 426.516693115
232.000000000 426.516693115
231.000000000 426.516693115
230.000000000 448.219482422
229.000000000 448.219482422
228.000000000 448.219482422
227.000000000 448.219482422
226.000000000 448.219482422
225.000000000 448.219482422
224.000000000 448.219482422
223.000000000 448.219482422
222.000000000 448.219482422
221.000000000 448.219482422
220.000000000 448.219482422
219.000000000 448.219482422
218.000000000 448.219482422
217.000000000 470.071319580
216.000000000 470.071319580
215.000000000 470.071319580
214.000000000 470.071319580
213.000000000 470.071319580
212.000000000 470.071319580
211.000000000 470.071319580
210.000000000 470.071319580
209.000000000 470.071319580
208.000000000 470.071319580
207.000000000 494.977294922
206.000000000 494.977294922
205.000000000 494.977294922
204.000000000 494.977294922
203.000000000 494.977294922
202.000000000 494.977294922
201.000000000 494.977294922
200.000000000 494.977294922
199.000000000 494.977294922
198.000000000 494.977294922
197.000000000 520.649536133
196.000000000 520.649536133
195.000000000 520.649536133
194.000000000 520.649536133
193.000000000 520.649536133
192.000000000 520.649536133
191.000000000 520.649536133
190.000000000 520.649536133
189.000000000 520.649536133
188.000000000 520.649536133
187.000000000 547.385253906
186.000000000 547.385253906
185.000000000 547.385253906
184.000000000 547.385253906
183.000000000 589.973144531
182.000000000 589.973144531
181.000000000 626.751647949
180.000000000 657.814025879
