260.000000000 463.976013184
259.000000000 463.976013184
258.000000000 463.976013184
257.000000000 463.976013184
256.000000000 463.976013184
255.000000000 463.976013184
254.000000000 463.976013184
253.000000000 463.976013184
252.000000000 463.976013184
251.000000000 463.976013184
250.000000000 463.976013184
249.000000000 463.976013184
248.000000000 486.466491699
247.000000000 486.466491699
246.000000000 486.466491699
245.000000000 486.466491699
244.000000000 486.466491699
243.000000000 486.466491699
242.000000000 486.466491699
241.000000000 486.466491699
240.000000000 486.466491699
239.000000000 486.466491699
238.000000000 486.466491699
237.000000000 486.466491699
236.000000000 486.466491699
235.000000000 512.359985352
234.000000000 512.359985352
233.000000000 512.359985352
232.000000000 512.359985352
231.000000000 512.359985352
230.000000000 512.359985352
229.000000000 512.359985352
228.000000000 512.359985352
227.000000000 512.359985352
226.000000000 512.359985352
225.000000000 512.359985352
224.000000000 512.359985352
223.000000000 537.265075684
222.000000000 537.265075684
221.000000000 537.265075684
220.000000000 537.265075684
219.000000000 537.265075684
218.000000000 537.265075684
217.000000000 537.265075684
216.000000000 537.265075684
215.000000000 537.265075684
214.000000000 537.265075684
213.000000000 537.265075684
212.000000000 567.004882812
211.000000000 567.004882812
210.000000000 567.004882812
209.000000000 567.004882812
208.000000000 567.004882812
207.000000000 567.004882812
206.000000000 598.533752441
205.000000000 598.533752441
204.000000000 598.533752441
203.000000000 598.533752441
202.000000000 598.533752441
201.000000000 598.533752441
200.000000000 598.533752441
199.000000000 598.533752441
198.000000000 598.533752441
197.000000000 598.533752441
196.000000000 598.533752441
195.000000000 598.533752441
194.000000000 598.533752441
193.000000000 598.533752441
192.000000000 598.533752441
191.000000000 598.533752441
190.000000000 598.533752441
189.000000000 598.533752441
188.000000000 598.533752441
187.000000000 598.533752441
186.000000000 629.299682617
185.000000000 629.299682617
184.000000000 629.299682617
183.000000000 673.662475586
182.000000000 673.662475586
181.000000000 728.395935059
180.000000000 768.376037598
