260.000000000 0.275466720
259.000000000 -0.301243209
258.000000000 -0.417828655
257.000000000 -0.823124777
256.000000000 -0.098037433
255.000000000 0.312625229
254.000000000 0.270372737
253.000000000 -0.142703481
252.000000000 -0.185228913
251.000000000 -0.233808447
250.000000000 -0.130817417
249.000000000 -0.119647594
248.000000000 0.059808887
247.000000000 -0.309437025
246.000000000 0.139146515
245.000000000 1.158017201
244.000000000 -0.012709802
243.000000000 -0.390654541
242.000000000 0.384751501
241.000000000 -0.644053091
240.000000000 0.567761103
239.000000000 0.357061120
238.000000000 1.210490715
237.000000000 0.945076704
236.000000000 0.384360091
235.000000000 0.226194035
234.000000000 -0.130539800
233.000000000 0.240512441
232.000000000 -0.072572730
231.000000000 0.929805232
230.000000000 1.767984408
229.000000000 0.857230462
228.000000000 1.281874226
227.000000000 0.973063294
226.000000000 1.490146028
225.000000000 0.467838512
224.000000000 1.533429537
223.000000000 1.962173331
222.000000000 0.965407265
221.000000000 1.581573368
220.000000000 1.181170531
219.000000000 1.402362686
218.000000000 2.213296293
217.000000000 2.155662261
216.000000000 1.771300220
215.000000000 2.061653577
214.000000000 1.678937104
213.000000000 1.333218513
212.000000000 1.950701498
211.000000000 0.721189087
210.000000000 2.365653200
209.000000000 1.444076565
208.000000000 1.460180533
207.000000000 1.417157290
206.000000000 2.526766977
205.000000000 1.875017053
204.000000000 3.480325858
203.000000000 1.098136732
202.000000000 3.362100102
201.000000000 2.550171541
200.000000000 2.427184678
199.000000000 3.388048346
198.000000000 1.910030957
197.000000000 1.153809055
196.000000000 3.258903226
195.000000000 2.658068606
194.000000000 2.122924103
193.000000000 2.835238718
192.000000000 2.656774615
191.000000000 3.299357600
190.000000000 2.898196961
189.000000000 2.303522305
188.000000000 3.760236564
187.000000000 2.336133800
186.000000000 4.186965630
185.000000000 2.774041234
184.000000000 1.711438882
183.000000000 5.992069901
182.000000000 -0.489768210
181.000000000 -3.225590302
180.000000000 3.788277632
