260.000000000 0.438734675
259.000000000 0.267463821
258.000000000 -0.625433261
257.000000000 0.151144988
256.000000000 0.527531736
255.000000000 -0.039076667
254.000000000 -0.091645284
253.000000000 -0.043274740
252.000000000 -0.440575439
251.000000000 -0.655936188
250.000000000 0.623961840
249.000000000 -0.183490642
248.000000000 0.064719495
247.000000000 0.155047680
246.000000000 -0.325946001
245.000000000 0.277311935
244.000000000 0.571167220
243.000000000 0.503663129
242.000000000 0.463995577
241.000000000 0.225817298
240.000000000 0.189196964
239.000000000 0.839600872
238.000000000 -0.737253858
237.000000000 0.027408250
236.000000000 0.338786824
235.000000000 -0.448912588
234.000000000 0.921198425
233.000000000 -0.442542745
232.000000000 1.409762273
231.000000000 1.286305124
230.000000000 0.596167332
229.000000000 0.401931341
228.000000000 0.832829025
227.000000000 1.247626044
226.000000000 0.826120498
225.000000000 1.432326688
224.000000000 0.688935813
223.000000000 1.832826889
222.000000000 0.859367737
221.000000000 0.945537239
220.000000000 2.381385734
219.000000000 2.297430032
218.000000000 0.986579926
217.000000000 0.875580323
216.000000000 2.003003535
215.000000000 2.424135851
214.000000000 1.337076991
213.000000000 1.930199422
212.000000000 2.237531443
211.000000000 3.777775489
210.000000000 2.488869393
209.000000000 2.137695765
208.000000000 2.527016829
207.000000000 2.339310857
206.000000000 1.704319015
205.000000000 2.616868847
204.000000000 3.119971584
203.000000000 1.971466771
202.000000000 2.746336727
201.000000000 2.858444666
200.000000000 2.472776061
199.000000000 3.460363910
198.000000000 1.674829858
197.000000000 0.918822378
196.000000000 2.422339972
195.000000000 2.693645843
194.000000000 2.584083850
193.000000000 3.159920191
192.000000000 2.985257390
191.000000000 0.956654711
190.000000000 1.296337520
189.000000000 2.602002678
188.000000000 2.943068828
187.000000000 1.836341802
186.000000000 0.180442586
185.000000000 4.772165678
184.000000000 1.401591670
183.000000000 0.895068430
182.000000000 2.344008604
181.000000000 5.497437789
180.000000000 -0.347684457
