260.000000000 -0.200061365
259.000000000 -0.614191433
258.000000000 -1.000196122
257.000000000 0.029701174
256.000000000 -0.215099437
255.000000000 -0.710781917
254.000000000 -0.410327025
253.000000000 -0.210404003
252.000000000 -0.786243977
251.000000000 0.255254475
250.000000000 -0.384335244
249.000000000 0.093175450
248.000000000 0.092946638
247.000000000 -0.638264196
246.000000000 0.761036448
245.000000000 -0.040515678
244.000000000 0.174045758
243.000000000 0.543056912
242.000000000 0.847589434
241.000000000 -0.576628199
240.000000000 -0.059958640
239.000000000 -0.783591547
238.000000000 -0.500361105
237.000000000 -0.500973503
236.000000000 0.218479227
235.000000000 -0.586862046
234.000000000 0.555602429
233.000000000 1.710162057
232.000000000 1.211416380
231.000000000 0.435050057
230.000000000 0.986177498
229.000000000 1.163606541
228.000000000 1.394920839
227.000000000 1.255792802
226.000000000 1.261150535
225.000000000 1.335086808
224.000000000 0.672863491
223.000000000 1.437279569
222.000000000 1.616601364
221.000000000 2.073724217
220.000000000 1.097640998
219.000000000 1.731416192
218.000000000 0.801237449
217.000000000 1.633588457
216.000000000 1.412390940
215.000000000 1.650157717
214.000000000 1.927149040
213.000000000 1.472847563
212.000000000 1.487249407
211.000000000 1.769558646
210.000000000 1.190763172
209.000000000 2.386298851
208.000000000 1.480190733
207.000000000 2.911926756
206.000000000 0.784880916
205.000000000 0.734900191
204.000000000 1.616281821
203.000000000 2.340488812
202.000000000 2.302246877
201.000000000 2.112855326
200.000000000 2.118356315
199.000000000 1.704780610
198.000000000 2.329954844
197.000000000 -0.225803315
196.000000000 3.342877838
195.000000000 3.426912360
194.000000000 1.644954613
193.000000000 3.385413860
192.000000000 1.667624697
191.000000000 3.828096953
190.000000000 2.969131068
189.000000000 1.710679761
188.000000000 2.690898887
187.000000000 3.259072110
186.000000000 3.104538560
185.000000000 2.963117339
184.000000000 3.690741592
183.000000000 0.309690756
182.000000000 1.963690685
181.000000000 2.857569878
180.000000000 -2.662077811
