260.000000000 406.693511963
259.000000000 406.693511963
258.000000000 406.693511963
257.000000000 406.693511963
256.000000000 406.693511963
255.000000000 406.693511963
254.000000000 406.693511963
253.000000000 406.693511963
252.000000000 406.693511963
251.000000000 406.693511963
250.000000000 406.693511963
249.000000000 406.693511963
248.000000000 406.693511963
247.000000000 406.693511963
246.000000000 426.037811279
245.000000000 426.037811279
244.000000000 426.037811279
243.000000000 426.037811279
242.000000000 426.037811279
241.000000000 426.037811279
240.000000000 426.037811279
239.000000000 426.037811279
238.000000000 426.037811279
237.000000000 426.037811279
236.000000000 426.037811279
235.000000000 426.037811279
234.000000000 426.037811279
233.000000000 426.037811279
232.000000000 426.037811279
231.000000000 446.851226807
230.000000000 446.851226807
229.000000000 446.851226807
228.000000000 446.851226807
227.000000000 446.851226807
226.000000000 446.851226807
225.000000000 446.851226807
224.000000000 446.851226807
223.000000000 446.851226807
222.000000000 446.851226807
221.000000000 446.851226807
220.000000000 446.851226807
219.000000000 446.851226807
218.000000000 469.920288086
217.000000000 469.920288086
216.000000000 469.920288086
215.000000000 469.920288086
214.000000000 469.920288086
213.000000000 469.920288086
212.000000000 469.920288086
211.000000000 469.920288086
210.000000000 469.920288086
209.000000000 469.920288086
208.000000000 492.829193115
207.000000000 492.829193115
206.000000000 492.829193115
205.000000000 492.829193115
204.000000000 492.829193115
203.000000000 492.829193115
202.000000000 492.829193115
201.000000000 492.829193115
200.000000000 492.829193115
199.000000000 492.829193115
198.000000000 518.407836914
197.000000000 518.407836914
196.000000000 518.407836914
195.000000000 518.407836914
194.000000000 518.407836914
193.000000000 518.407836914
192.000000000 518.407836914
191.000000000 518.407836914
190.000000000 518.407836914
189.000000000 518.407836914
188.000000000 544.515563965
187.000000000 544.515563965
186.000000000 544.515563965
185.000000000 544.515563965
184.000000000 574.104309082
183.000000000 574.104309082
182.000000000 611.482055664
181.000000000 611.482055664
180.000000000 654.624816895
