260.000000000 406.693511963
259.000000000 406.693511963
258.000000000 406.693511963
257.000000000 406.693511963
256.000000000 406.693511963
255.000000000 406.693511963
254.000000000 406.693511963
253.000000000 406.693511963
252.000000000 406.693511963
251.000000000 406.693511963
250.000000000 406.693511963
249.000000000 406.693511963
248.000000000 406.693511963
247.000000000 406.693511963
246.000000000 406.693511963
245.000000000 426.585723877
244.000000000 426.585723877
243.000000000 426.585723877
242.000000000 426.585723877
241.000000000 426.585723877
240.000000000 426.585723877
239.000000000 426.585723877
238.000000000 426.585723877
237.000000000 426.585723877
236.000000000 426.585723877
235.000000000 426.585723877
234.000000000 426.585723877
233.000000000 426.585723877
232.000000000 426.585723877
231.000000000 426.585723877
230.000000000 447.580596924
229.000000000 447.580596924
228.000000000 447.580596924
227.000000000 447.580596924
226.000000000 447.580596924
225.000000000 447.580596924
224.000000000 447.580596924
223.000000000 447.580596924
222.000000000 447.580596924
221.000000000 447.580596924
220.000000000 447.580596924
219.000000000 447.580596924
218.000000000 469.209777832
217.000000000 469.209777832
216.000000000 469.209777832
215.000000000 469.209777832
214.000000000 469.209777832
213.000000000 469.209777832
212.000000000 469.209777832
211.000000000 469.209777832
210.000000000 469.209777832
209.000000000 469.209777832
208.000000000 492.263916016
207.000000000 492.263916016
206.000000000 492.263916016
205.000000000 492.263916016
204.000000000 492.263916016
203.000000000 492.263916016
202.000000000 492.263916016
201.000000000 492.263916016
200.000000000 492.263916016
199.000000000 515.970947266
198.000000000 515.970947266
197.000000000 515.970947266
196.000000000 515.970947266
195.000000000 515.970947266
194.000000000 515.970947266
193.000000000 515.970947266
192.000000000 515.970947266
191.000000000 515.970947266
190.000000000 515.970947266
189.000000000 540.293090820
188.000000000 540.293090820
187.000000000 540.293090820
186.000000000 540.293090820
185.000000000 540.293090820
184.000000000 573.545959473
183.000000000 573.545959473
182.000000000 609.419982910
181.000000000 609.419982910
180.000000000 658.059265137
