260.000000000 406.693511963
259.000000000 406.693511963
258.000000000 406.693511963
257.000000000 406.693511963
256.000000000 406.693511963
255.000000000 406.693511963
254.000000000 406.693511963
253.000000000 406.693511963
252.000000000 406.693511963
251.000000000 406.693511963
250.000000000 406.693511963
249.000000000 406.693511963
248.000000000 406.693511963
247.000000000 406.693511963
246.000000000 406.693511963
245.000000000 426.220550537
244.000000000 426.220550537
243.000000000 426.220550537
242.000000000 426.220550537
241.000000000 426.220550537
240.000000000 426.220550537
239.000000000 426.220550537
238.000000000 426.220550537
237.000000000 426.220550537
236.000000000 426.220550537
235.000000000 426.220550537
234.000000000 426.220550537
233.000000000 426.220550537
232.000000000 426.220550537
231.000000000 426.220550537
230.000000000 447.250122070
229.000000000 447.250122070
228.000000000 447.250122070
227.000000000 447.250122070
226.000000000 447.250122070
225.000000000 447.250122070
224.000000000 447.250122070
223.000000000 447.250122070
222.000000000 447.250122070
221.000000000 447.250122070
220.000000000 447.250122070
219.000000000 468.620727539
218.000000000 468.620727539
217.000000000 468.620727539
216.000000000 468.620727539
215.000000000 468.620727539
214.000000000 468.620727539
213.000000000 468.620727539
212.000000000 468.620727539
211.000000000 468.620727539
210.000000000 468.620727539
209.000000000 490.634613037
208.000000000 490.634613037
207.000000000 490.634613037
206.000000000 490.634613037
205.000000000 490.634613037
204.000000000 490.634613037
203.000000000 490.634613037
202.000000000 490.634613037
201.000000000 490.634613037
200.000000000 513.840026855
199.000000000 513.840026855
198.000000000 513.840026855
197.000000000 513.840026855
196.000000000 513.840026855
195.000000000 513.840026855
194.000000000 513.840026855
193.000000000 513.840026855
192.000000000 513.840026855
191.000000000 513.840026855
190.000000000 513.840026855
189.000000000 539.390197754
188.000000000 539.390197754
187.000000000 539.390197754
186.000000000 539.390197754
185.000000000 564.702575684
184.000000000 564.702575684
183.000000000 564.702575684
182.000000000 610.836669922
181.000000000 610.836669922
180.000000000 663.605102539
