260.000000000 -0.108163403
259.000000000 -0.519694450
258.000000000 0.333280825
257.000000000 0.038080795
256.000000000 -0.677448466
255.000000000 0.586742729
254.000000000 0.206795143
253.000000000 0.333511587
252.000000000 0.082817814
251.000000000 -0.071305951
250.000000000 0.929109348
249.000000000 0.356819331
248.000000000 -0.372069812
247.000000000 0.071891831
246.000000000 -0.226423334
245.000000000 0.670776347
244.000000000 1.862168056
243.000000000 -0.518511911
242.000000000 -0.046921257
241.000000000 0.307845048
240.000000000 0.436839586
239.000000000 0.370492588
238.000000000 1.229838324
237.000000000 0.015829570
236.000000000 0.943998634
235.000000000 0.958089470
234.000000000 1.270738812
233.000000000 0.215422626
232.000000000 1.217757336
231.000000000 0.577311564
230.000000000 0.337221126
229.000000000 1.135862443
228.000000000 0.778017879
227.000000000 0.910617515
226.000000000 1.766535409
225.000000000 -0.658074810
224.000000000 2.822584592
223.000000000 1.725111644
222.000000000 2.767493403
221.000000000 2.542841985
220.000000000 3.170462093
219.000000000 2.382535576
218.000000000 2.527633052
217.000000000 0.917925999
216.000000000 2.660509983
215.000000000 2.477144459
214.000000000 2.038995893
213.000000000 1.293689051
212.000000000 3.069020797
211.000000000 3.324872359
210.000000000 2.543437327
209.000000000 5.068116107
208.000000000 2.004779685
207.000000000 1.898472013
206.000000000 3.099551043
205.000000000 2.372329028
204.000000000 1.992355088
203.000000000 2.083196516
202.000000000 4.398320579
201.000000000 1.682923978
200.000000000 2.104578343
199.000000000 3.101408626
198.000000000 1.265230145
197.000000000 0.269265834
196.000000000 2.656114692
195.000000000 2.201546769
194.000000000 2.108021116
193.000000000 1.219173772
192.000000000 5.110650794
191.000000000 7.099044549
190.000000000 3.631510486
189.000000000 4.538057681
188.000000000 2.943498607
187.000000000 3.046251359
186.000000000 1.963725048
185.000000000 3.887258545
184.000000000 1.853579725
183.000000000 0.542725592
182.000000000 4.537271113
181.000000000 1.279864287
180.000000000 -0.009094534
