260.000000000 -0.071639895
259.000000000 -0.372185184
258.000000000 0.250272309
257.000000000 -0.098275790
256.000000000 0.762239120
255.000000000 -0.428036056
254.000000000 -0.510662575
253.000000000 -0.226749163
252.000000000 0.266396219
251.000000000 0.194851523
250.000000000 0.655725854
249.000000000 0.214663883
248.000000000 -0.078049021
247.000000000 0.201680926
246.000000000 0.376164880
245.000000000 0.778057475
244.000000000 0.373468488
243.000000000 0.723776467
242.000000000 1.137678628
241.000000000 0.432847666
240.000000000 0.364168846
239.000000000 0.265580777
238.000000000 0.160053499
237.000000000 0.383996084
236.000000000 0.850786588
235.000000000 0.057545973
234.000000000 -0.420391767
233.000000000 0.612937055
232.000000000 1.181084597
231.000000000 2.726005303
230.000000000 2.245650482
229.000000000 1.545221839
228.000000000 0.244251745
227.000000000 0.241581649
226.000000000 2.904744937
225.000000000 1.510407775
224.000000000 1.785757605
223.000000000 1.235928531
222.000000000 1.958354653
221.000000000 1.752588868
220.000000000 3.039283951
219.000000000 3.117477029
218.000000000 2.331909921
217.000000000 4.161455074
216.000000000 3.532680491
215.000000000 3.250716372
214.000000000 2.575971802
213.000000000 2.236629461
212.000000000 3.334752211
211.000000000 0.967766602
210.000000000 2.429732424
209.000000000 4.143149840
208.000000000 1.665368859
207.000000000 3.462987626
206.000000000 0.160311902
205.000000000 2.921145063
204.000000000 2.123387568
203.000000000 1.636347449
202.000000000 0.593807256
201.000000000 2.792557213
200.000000000 3.260222090
199.000000000 4.659585516
198.000000000 -0.533599067
197.000000000 3.607921281
196.000000000 0.517574860
195.000000000 2.028664319
194.000000000 3.271852423
193.000000000 2.685434092
192.000000000 1.692889245
191.000000000 6.827595692
190.000000000 4.532412211
189.000000000 3.421960431
188.000000000 4.102223391
187.000000000 3.079899984
186.000000000 5.736084430
185.000000000 2.217772859
184.000000000 5.540268769
183.000000000 3.990977229
182.000000000 2.843423995
181.000000000 -0.320545762
180.000000000 4.705551871
