260.000000000 -0.619726240
259.000000000 0.284607562
258.000000000 0.017762499
257.000000000 0.209847392
256.000000000 -0.367315687
255.000000000 -0.330130374
254.000000000 -0.452127836
253.000000000 0.415258985
252.000000000 0.135429611
251.000000000 0.241233165
250.000000000 -0.113551813
249.000000000 0.326625978
248.000000000 0.534995683
247.000000000 -0.252677857
246.000000000 -0.404411522
245.000000000 0.797250441
244.000000000 0.738245349
243.000000000 0.033394226
242.000000000 0.327663223
241.000000000 0.425142115
240.000000000 1.748363104
239.000000000 0.560770357
238.000000000 0.527899172
237.000000000 0.183337374
236.000000000 -0.164320655
235.000000000 1.144065136
234.000000000 1.510476312
233.000000000 0.885329424
232.000000000 2.373730835
231.000000000 0.803145049
230.000000000 0.427080199
229.000000000 2.564564693
228.000000000 1.493459648
227.000000000 0.915610392
226.000000000 2.381636315
225.000000000 1.552603154
224.000000000 0.968245081
223.000000000 1.357483994
222.000000000 0.921279521
221.000000000 1.891921382
220.000000000 1.226011475
219.000000000 1.241801337
218.000000000 0.771146355
217.000000000 2.058746305
216.000000000 0.721156602
215.000000000 1.603149003
214.000000000 2.774370459
213.000000000 1.927302879
212.000000000 3.549620005
211.000000000 3.392707917
210.000000000 0.606226501
209.000000000 4.138145531
208.000000000 1.574088466
207.000000000 3.610654536
206.000000000 2.781829447
205.000000000 2.269455956
204.000000000 3.122468519
203.000000000 2.832151642
202.000000000 2.828189610
201.000000000 2.517555894
200.000000000 3.045958734
199.000000000 1.120113618
198.000000000 1.173402795
197.000000000 3.947792114
196.000000000 3.160757609
195.000000000 4.908333129
194.000000000 1.331830535
193.000000000 3.126359364
192.000000000 4.598241971
191.000000000 2.592549183
190.000000000 2.484873547
189.000000000 4.642935813
188.000000000 3.683474478
187.000000000 5.027241354
186.000000000 2.146207272
185.000000000 3.666006499
184.000000000 2.872764741
183.000000000 3.995425637
182.000000000 3.939247250
181.000000000 2.061733873
180.000000000 3.576965602
