260.000000000 676.023986816
259.000000000 676.023986816
258.000000000 676.023986816
257.000000000 676.023986816
256.000000000 676.023986816
255.000000000 710.014282227
254.000000000 710.014282227
253.000000000 710.014282227
252.000000000 710.014282227
251.000000000 710.014282227
250.000000000 710.014282227
249.000000000 710.014282227
248.000000000 710.014282227
247.000000000 710.014282227
246.000000000 710.014282227
245.000000000 710.014282227
244.000000000 710.014282227
243.000000000 710.014282227
242.000000000 710.014282227
241.000000000 710.014282227
240.000000000 710.014282227
239.000000000 745.045654297
238.000000000 745.045654297
237.000000000 745.045654297
236.000000000 745.045654297
235.000000000 745.045654297
234.000000000 745.045654297
233.000000000 745.045654297
232.000000000 745.045654297
231.000000000 745.045654297
230.000000000 745.045654297
229.000000000 745.045654297
228.000000000 745.045654297
227.000000000 745.045654297
226.000000000 745.045654297
225.000000000 745.045654297
224.000000000 783.651550293
223.000000000 783.651550293
222.000000000 783.651550293
221.000000000 783.651550293
220.000000000 783.651550293
219.000000000 783.651550293
218.000000000 783.651550293
217.000000000 783.651550293
216.000000000 783.651550293
215.000000000 783.651550293
214.000000000 783.651550293
213.000000000 783.651550293
212.000000000 783.651550293
211.000000000 783.651550293
210.000000000 783.651550293
209.000000000 783.651550293
208.000000000 825.359130859
207.000000000 825.359130859
206.000000000 825.359130859
205.000000000 825.359130859
204.000000000 825.359130859
203.000000000 825.359130859
202.000000000 825.359130859
201.000000000 825.359130859
200.000000000 825.359130859
199.000000000 825.359130859
198.000000000 825.359130859
197.000000000 825.359130859
196.000000000 825.359130859
195.000000000 825.359130859
194.000000000 825.359130859
193.000000000 825.359130859
192.000000000 825.359130859
191.000000000 825.359130859
190.000000000 825.359130859
189.000000000 825.359130859
188.000000000 825.359130859
187.000000000 825.359130859
186.000000000 825.359130859
185.000000000 825.359130859
184.000000000 825.359130859
183.000000000 825.359130859
182.000000000 867.942138672
181.000000000 867.942138672
180.000000000 927.467407227
