260.000000000 676.023986816
259.000000000 676.023986816
258.000000000 676.023986816
257.000000000 676.023986816
256.000000000 708.908386230
255.000000000 708.908386230
254.000000000 708.908386230
253.000000000 708.908386230
252.000000000 708.908386230
251.000000000 708.908386230
250.000000000 708.908386230
249.000000000 708.908386230
248.000000000 708.908386230
247.000000000 708.908386230
246.000000000 708.908386230
245.000000000 708.908386230
244.000000000 708.908386230
243.000000000 708.908386230
242.000000000 708.908386230
241.000000000 708.908386230
240.000000000 708.908386230
239.000000000 745.822875977
238.000000000 745.822875977
237.000000000 745.822875977
236.000000000 745.822875977
235.000000000 745.822875977
234.000000000 745.822875977
233.000000000 745.822875977
232.000000000 745.822875977
231.000000000 745.822875977
230.000000000 745.822875977
229.000000000 745.822875977
228.000000000 745.822875977
227.000000000 745.822875977
226.000000000 745.822875977
225.000000000 745.822875977
224.000000000 785.846679688
223.000000000 785.846679688
222.000000000 785.846679688
221.000000000 785.846679688
220.000000000 785.846679688
219.000000000 785.846679688
218.000000000 785.846679688
217.000000000 785.846679688
216.000000000 785.846679688
215.000000000 785.846679688
214.000000000 785.846679688
213.000000000 785.846679688
212.000000000 785.846679688
211.000000000 785.846679688
210.000000000 785.846679688
209.000000000 823.324951172
208.000000000 823.324951172
207.000000000 823.324951172
206.000000000 823.324951172
205.000000000 823.324951172
204.000000000 823.324951172
203.000000000 823.324951172
202.000000000 823.324951172
201.000000000 823.324951172
200.000000000 823.324951172
199.000000000 823.324951172
198.000000000 823.324951172
197.000000000 823.324951172
196.000000000 823.324951172
195.000000000 823.324951172
194.000000000 823.324951172
193.000000000 823.324951172
192.000000000 823.324951172
191.000000000 823.324951172
190.000000000 823.324951172
189.000000000 823.324951172
188.000000000 823.324951172
187.000000000 823.324951172
186.000000000 823.324951172
185.000000000 823.324951172
184.000000000 823.324951172
183.000000000 823.324951172
182.000000000 867.269836426
181.000000000 867.269836426
180.000000000 917.496582031
