260.000000000 676.023986816
259.000000000 676.023986816
258.000000000 676.023986816
257.000000000 676.023986816
256.000000000 709.942260742
255.000000000 709.942260742
254.000000000 709.942260742
253.000000000 709.942260742
252.000000000 709.942260742
251.000000000 709.942260742
250.000000000 709.942260742
249.000000000 709.942260742
248.000000000 709.942260742
247.000000000 709.942260742
246.000000000 709.942260742
245.000000000 709.942260742
244.000000000 709.942260742
243.000000000 709.942260742
242.000000000 709.942260742
241.000000000 709.942260742
240.000000000 709.942260742
239.000000000 709.942260742
238.000000000 744.655944824
237.000000000 744.655944824
236.000000000 744.655944824
235.000000000 744.655944824
234.000000000 744.655944824
233.000000000 744.655944824
232.000000000 744.655944824
231.000000000 744.655944824
230.000000000 744.655944824
229.000000000 744.655944824
228.000000000 744.655944824
227.000000000 744.655944824
226.000000000 744.655944824
225.000000000 780.307434082
224.000000000 780.307434082
223.000000000 780.307434082
222.000000000 780.307434082
221.000000000 780.307434082
220.000000000 780.307434082
219.000000000 780.307434082
218.000000000 780.307434082
217.000000000 780.307434082
216.000000000 780.307434082
215.000000000 780.307434082
214.000000000 780.307434082
213.000000000 780.307434082
212.000000000 780.307434082
211.000000000 818.736450195
210.000000000 818.736450195
209.000000000 818.736450195
208.000000000 818.736450195
207.000000000 818.736450195
206.000000000 818.736450195
205.000000000 818.736450195
204.000000000 818.736450195
203.000000000 818.736450195
202.000000000 818.736450195
201.000000000 818.736450195
200.000000000 818.736450195
199.000000000 818.736450195
198.000000000 818.736450195
197.000000000 818.736450195
196.000000000 818.736450195
195.000000000 818.736450195
194.000000000 818.736450195
193.000000000 818.736450195
192.000000000 818.736450195
191.000000000 818.736450195
190.000000000 818.736450195
189.000000000 818.736450195
188.000000000 818.736450195
187.000000000 818.736450195
186.000000000 818.736450195
185.000000000 818.736450195
184.000000000 818.736450195
183.000000000 818.736450195
182.000000000 818.736450195
181.000000000 878.109680176
180.000000000 924.226562500
