260.000000000 -19.550370132
259.000000000 -13.557711044
258.000000000 -17.456348161
257.000000000 -17.959864244
256.000000000 -23.533662563
255.000000000 -15.281788836
254.000000000 -20.538347869
253.000000000 -34.851281924
252.000000000 -19.392282773
251.000000000 -18.510445523
250.000000000 -15.552801885
249.000000000 -30.090404180
248.000000000 -21.717558911
247.000000000 -17.576821497
246.000000000 -20.358232188
245.000000000 -21.748706885
244.000000000 -21.056310081
243.000000000 -25.302045810
242.000000000 -19.344539886
241.000000000 -20.980279490
240.000000000 -20.052996180
239.000000000 -29.195841542
238.000000000 -16.623193085
237.000000000 -22.855058067
236.000000000 -19.815859543
235.000000000 -19.966711420
234.000000000 -26.849291872
233.000000000 -29.016625396
232.000000000 -32.514097423
231.000000000 -30.920908069
230.000000000 -26.997809848
229.000000000 -23.012090379
228.000000000 -23.464314324
227.000000000 -28.245947666
226.000000000 -26.691263356
225.000000000 -38.140282103
224.000000000 -26.637730259
223.000000000 -24.305645724
222.000000000 -40.828057093
221.000000000 -31.243959634
220.000000000 -19.317476852
219.000000000 -25.958606784
218.000000000 -32.372222574
217.000000000 -21.183802063
216.000000000 -37.079407598
215.000000000 -29.877209960
214.000000000 -39.706418180
213.000000000 -37.290402017
212.000000000 -15.434949710
211.000000000 -40.224257072
210.000000000 -28.827676754
209.000000000 -19.163294846
208.000000000 -27.853940466
207.000000000 -27.903479600
206.000000000 -34.278423009
205.000000000 -22.727635413
204.000000000 -28.062284394
203.000000000 -23.502544093
202.000000000 -32.281090529
201.000000000 -18.578500978
200.000000000 -7.855964373
199.000000000 -15.673660777
198.000000000 -23.160286341
197.000000000 -25.285763801
196.000000000 -24.603971486
195.000000000 -8.067145147
194.000000000 -16.396367459
193.000000000 -5.920740572
192.000000000 -19.283756238
191.000000000 -22.968823141
190.000000000 -3.495424528
189.000000000 -15.900910113
188.000000000 -18.412078796
187.000000000 -23.744563234
186.000000000 -15.572436209
185.000000000 -13.597276077
184.000000000 -18.441012310
183.000000000 -6.689815935
182.000000000 8.811647779
181.000000000 -10.332401516
180.000000000 -4.171359831
