260.000000000 -11.964285285
259.000000000 -19.914661359
258.000000000 -21.502310297
257.000000000 -18.709478009
256.000000000 -21.537649210
255.000000000 -20.142766885
254.000000000 -13.559361714
253.000000000 -17.258761238
252.000000000 -25.923970199
251.000000000 -19.665901798
250.000000000 -18.063606283
249.000000000 -22.262740486
248.000000000 -26.121791987
247.000000000 -24.709456531
246.000000000 -22.983059266
245.000000000 -27.885467520
244.000000000 -32.849638675
243.000000000 -24.159362486
242.000000000 -23.995667883
241.000000000 -12.432539159
240.000000000 -13.592725468
239.000000000 -31.916769584
238.000000000 -19.036649573
237.000000000 -17.182400616
236.000000000 -17.113579596
235.000000000 -20.717485594
234.000000000 -24.748556674
233.000000000 -20.431018841
232.000000000 -21.751147097
231.000000000 -14.767751063
230.000000000 -30.121525801
229.000000000 -36.533540549
228.000000000 -35.915749845
227.000000000 -29.039230167
226.000000000 -20.486947334
225.000000000 -18.223530799
224.000000000 -24.308565424
223.000000000 -15.712935037
222.000000000 -32.723376839
221.000000000 -25.142682548
220.000000000 -32.210037927
219.000000000 -29.505763692
218.000000000 -26.316299495
217.000000000 -36.349171411
216.000000000 -23.248839690
215.000000000 -25.224846971
214.000000000 -18.387947202
213.000000000 -37.964337042
212.000000000 -26.437956238
211.000000000 -28.984578448
210.000000000 -20.049866800
209.000000000 -27.710937736
208.000000000 -27.634623634
207.000000000 -38.609429797
206.000000000 -24.699145072
205.000000000 -37.702870207
204.000000000 -32.898726417
203.000000000 -21.050667012
202.000000000 -29.080074944
201.000000000 -18.782034716
200.000000000 -28.899797977
199.000000000 -14.747502539
198.000000000 -25.344598680
197.000000000 -19.121579495
196.000000000 -15.070934347
195.000000000 -9.441642080
194.000000000 -21.545805138
193.000000000 -22.836809631
192.000000000 -19.874799521
191.000000000 -10.163612464
190.000000000 -8.446952371
189.000000000 -3.972052969
188.000000000 0.735199584
187.000000000 -17.316447201
186.000000000 -15.890354342
185.000000000 1.283906242
184.000000000 -12.188844921
183.000000000 2.390506331
182.000000000 -3.628758010
181.000000000 -7.443195851
180.000000000 3.794391469
