260.000000000 -17.688238538
259.000000000 -22.917134812
258.000000000 -23.236480063
257.000000000 -16.183856619
256.000000000 -16.409672172
255.000000000 -17.018134693
254.000000000 -20.254026467
253.000000000 -25.063734638
252.000000000 -24.288645485
251.000000000 -30.873604375
250.000000000 -23.234682436
249.000000000 -33.022053408
248.000000000 -23.231055226
247.000000000 -19.557266418
246.000000000 -26.330278406
245.000000000 -20.786161554
244.000000000 -22.543677243
243.000000000 -28.735439698
242.000000000 -28.048657968
241.000000000 -19.921521241
240.000000000 -27.002468183
239.000000000 -19.549684824
238.000000000 -22.915646113
237.000000000 -21.458348167
236.000000000 -21.115762920
235.000000000 -26.447099870
234.000000000 -21.241985088
233.000000000 -22.506275783
232.000000000 -31.565859185
231.000000000 -24.526301518
230.000000000 -39.311051092
229.000000000 -31.720094626
228.000000000 -27.042505984
227.000000000 -28.251015980
226.000000000 -28.860835477
225.000000000 -20.541407636
224.000000000 -22.331763531
223.000000000 -27.548415882
222.000000000 -28.777118444
221.000000000 -37.830937399
220.000000000 -30.520256456
219.000000000 -20.232928101
218.000000000 -29.177111819
217.000000000 -41.196781228
216.000000000 -31.306824055
215.000000000 -29.387896518
214.000000000 -23.742295414
213.000000000 -30.987085971
212.000000000 -23.109956306
211.000000000 -27.511665505
210.000000000 -24.985551563
209.000000000 -31.425420814
208.000000000 -16.539569924
207.000000000 -21.198498125
206.000000000 -15.475284790
205.000000000 -35.147431365
204.000000000 -23.641674773
203.000000000 -29.024152019
202.000000000 -23.752112744
201.000000000 -28.762856170
200.000000000 -31.009465561
199.000000000 -26.620517406
198.000000000 -15.706154229
197.000000000 -15.006137087
196.000000000 -13.671322333
195.000000000 -12.762307790
194.000000000 -15.090202320
193.000000000 -14.469029678
192.000000000 -16.274780947
191.000000000 -17.296481006
190.000000000 -17.737795330
189.000000000 -16.996761483
188.000000000 -23.116417579
187.000000000 -3.329723520
186.000000000 -6.791043369
185.000000000 -9.214797371
184.000000000 -1.786265218
183.000000000 0.816364714
182.000000000 -3.903552062
181.000000000 2.704526049
180.000000000 -21.127609549
