260.000000000 409.711761475
259.000000000 409.711761475
258.000000000 409.711761475
257.000000000 409.711761475
256.000000000 409.711761475
255.000000000 409.711761475
254.000000000 409.711761475
253.000000000 409.711761475
252.000000000 409.711761475
251.000000000 409.711761475
250.000000000 409.711761475
249.000000000 409.711761475
248.000000000 409.711761475
247.000000000 409.711761475
246.000000000 409.711761475
245.000000000 409.711761475
244.000000000 409.711761475
243.000000000 429.473297119
242.000000000 429.473297119
241.000000000 429.473297119
240.000000000 429.473297119
239.000000000 429.473297119
238.000000000 429.473297119
237.000000000 429.473297119
236.000000000 429.473297119
235.000000000 429.473297119
234.000000000 429.473297119
233.000000000 450.614471436
232.000000000 450.614471436
231.000000000 450.614471436
230.000000000 450.614471436
229.000000000 450.614471436
228.000000000 450.614471436
227.000000000 450.614471436
226.000000000 450.614471436
225.000000000 473.265625000
224.000000000 473.265625000
223.000000000 473.265625000
222.000000000 473.265625000
221.000000000 473.265625000
220.000000000 473.265625000
219.000000000 496.389099121
218.000000000 496.389099121
217.000000000 496.389099121
216.000000000 496.389099121
215.000000000 496.389099121
214.000000000 496.389099121
213.000000000 522.463317871
212.000000000 522.463317871
211.000000000 522.463317871
210.000000000 522.463317871
209.000000000 548.571899414
208.000000000 548.571899414
207.000000000 548.571899414
206.000000000 548.571899414
205.000000000 578.215087891
204.000000000 578.215087891
203.000000000 578.215087891
202.000000000 610.267517090
201.000000000 610.267517090
200.000000000 610.267517090
199.000000000 641.489318848
198.000000000 641.489318848
197.000000000 686.013854980
196.000000000 686.013854980
195.000000000 686.013854980
194.000000000 686.013854980
193.000000000 725.706604004
192.000000000 725.706604004
191.000000000 725.706604004
190.000000000 725.706604004
189.000000000 725.706604004
188.000000000 725.706604004
187.000000000 725.706604004
186.000000000 725.706604004
185.000000000 725.706604004
184.000000000 725.706604004
183.000000000 725.706604004
182.000000000 725.706604004
181.000000000 725.706604004
180.000000000 725.706604004
