260.000000000 409.711761475
259.000000000 409.711761475
258.000000000 409.711761475
257.000000000 409.711761475
256.000000000 409.711761475
255.000000000 409.711761475
254.000000000 409.711761475
253.000000000 409.711761475
252.000000000 409.711761475
251.000000000 409.711761475
250.000000000 409.711761475
249.000000000 409.711761475
248.000000000 409.711761475
247.000000000 409.711761475
246.000000000 409.711761475
245.000000000 409.711761475
244.000000000 409.711761475
243.000000000 409.711761475
242.000000000 430.849121094
241.000000000 430.849121094
240.000000000 430.849121094
239.000000000 430.849121094
238.000000000 430.849121094
237.000000000 430.849121094
236.000000000 430.849121094
235.000000000 430.849121094
234.000000000 430.849121094
233.000000000 430.849121094
232.000000000 452.914550781
231.000000000 452.914550781
230.000000000 452.914550781
229.000000000 452.914550781
228.000000000 452.914550781
227.000000000 452.914550781
226.000000000 452.914550781
225.000000000 452.914550781
224.000000000 477.157592773
223.000000000 477.157592773
222.000000000 477.157592773
221.000000000 477.157592773
220.000000000 477.157592773
219.000000000 477.157592773
218.000000000 501.350189209
217.000000000 501.350189209
216.000000000 501.350189209
215.000000000 501.350189209
214.000000000 501.350189209
213.000000000 501.350189209
212.000000000 528.271240234
211.000000000 528.271240234
210.000000000 528.271240234
209.000000000 528.271240234
208.000000000 555.547790527
207.000000000 555.547790527
206.000000000 555.547790527
205.000000000 581.994995117
204.000000000 581.994995117
203.000000000 581.994995117
202.000000000 611.325866699
201.000000000 611.325866699
200.000000000 611.325866699
199.000000000 647.596130371
198.000000000 647.596130371
197.000000000 647.596130371
196.000000000 686.583190918
195.000000000 686.583190918
194.000000000 686.583190918
193.000000000 686.583190918
192.000000000 700.730834961
191.000000000 700.730834961
190.000000000 700.730834961
189.000000000 700.730834961
188.000000000 707.251098633
187.000000000 707.251098633
186.000000000 707.251098633
185.000000000 707.251098633
184.000000000 707.251098633
183.000000000 707.251098633
182.000000000 707.251098633
181.000000000 740.918884277
180.000000000 740.918884277
