260.000000000 463.976013184
259.000000000 463.976013184
258.000000000 463.976013184
257.000000000 463.976013184
256.000000000 463.976013184
255.000000000 486.491821289
254.000000000 486.491821289
253.000000000 486.491821289
252.000000000 486.491821289
251.000000000 486.491821289
250.000000000 486.491821289
249.000000000 486.491821289
248.000000000 486.491821289
247.000000000 486.491821289
246.000000000 486.491821289
245.000000000 486.491821289
244.000000000 486.491821289
243.000000000 486.491821289
242.000000000 510.369415283
241.000000000 510.369415283
240.000000000 510.369415283
239.000000000 510.369415283
238.000000000 510.369415283
237.000000000 510.369415283
236.000000000 510.369415283
235.000000000 510.369415283
234.000000000 510.369415283
233.000000000 536.654846191
232.000000000 536.654846191
231.000000000 536.654846191
230.000000000 536.654846191
229.000000000 536.654846191
228.000000000 536.654846191
227.000000000 536.654846191
226.000000000 536.654846191
225.000000000 565.353637695
224.000000000 565.353637695
223.000000000 565.353637695
222.000000000 565.353637695
221.000000000 565.353637695
220.000000000 565.353637695
219.000000000 594.708068848
218.000000000 594.708068848
217.000000000 594.708068848
216.000000000 594.708068848
215.000000000 594.708068848
214.000000000 594.708068848
213.000000000 627.706909180
212.000000000 627.706909180
211.000000000 627.706909180
210.000000000 627.706909180
209.000000000 666.408142090
208.000000000 666.408142090
207.000000000 666.408142090
206.000000000 706.507934570
205.000000000 706.507934570
204.000000000 706.507934570
203.000000000 706.507934570
202.000000000 751.436645508
201.000000000 751.436645508
200.000000000 751.436645508
199.000000000 788.936950684
198.000000000 788.936950684
197.000000000 829.022033691
196.000000000 829.022033691
195.000000000 829.022033691
194.000000000 829.022033691
193.000000000 829.022033691
192.000000000 829.022033691
191.000000000 829.022033691
190.000000000 884.742065430
189.000000000 884.742065430
188.000000000 884.742065430
187.000000000 884.742065430
186.000000000 852.887207031
185.000000000 852.887207031
184.000000000 852.887207031
183.000000000 852.887207031
182.000000000 852.887207031
181.000000000 911.840759277
180.000000000 879.227844238
