260.000000000 409.711761475
259.000000000 409.711761475
258.000000000 409.711761475
257.000000000 409.711761475
256.000000000 409.711761475
255.000000000 409.711761475
254.000000000 409.711761475
253.000000000 409.711761475
252.000000000 409.711761475
251.000000000 409.711761475
250.000000000 409.711761475
249.000000000 409.711761475
248.000000000 409.711761475
247.000000000 409.711761475
246.000000000 409.711761475
245.000000000 409.711761475
244.000000000 409.711761475
243.000000000 429.007568359
242.000000000 429.007568359
241.000000000 429.007568359
240.000000000 429.007568359
239.000000000 429.007568359
238.000000000 429.007568359
237.000000000 429.007568359
236.000000000 429.007568359
235.000000000 429.007568359
234.000000000 429.007568359
233.000000000 429.007568359
232.000000000 452.918945312
231.000000000 452.918945312
230.000000000 452.918945312
229.000000000 452.918945312
228.000000000 452.918945312
227.000000000 452.918945312
226.000000000 452.918945312
225.000000000 452.918945312
224.000000000 477.055419922
223.000000000 477.055419922
222.000000000 477.055419922
221.000000000 477.055419922
220.000000000 477.055419922
219.000000000 477.055419922
218.000000000 500.076477051
217.000000000 500.076477051
216.000000000 500.076477051
215.000000000 500.076477051
214.000000000 500.076477051
213.000000000 500.076477051
212.000000000 527.666625977
211.000000000 527.666625977
210.000000000 527.666625977
209.000000000 527.666625977
208.000000000 554.999633789
207.000000000 554.999633789
206.000000000 554.999633789
205.000000000 582.686767578
204.000000000 582.686767578
203.000000000 582.686767578
202.000000000 582.686767578
201.000000000 621.719665527
200.000000000 621.719665527
199.000000000 621.719665527
198.000000000 659.276245117
197.000000000 659.276245117
196.000000000 659.276245117
195.000000000 659.276245117
194.000000000 694.289001465
193.000000000 694.289001465
192.000000000 728.055358887
191.000000000 728.055358887
190.000000000 728.055358887
189.000000000 728.055358887
188.000000000 728.055358887
187.000000000 728.055358887
186.000000000 728.055358887
185.000000000 728.055358887
184.000000000 728.055358887
183.000000000 728.055358887
182.000000000 728.055358887
181.000000000 728.055358887
180.000000000 728.055358887
