260.000000000 463.976013184
259.000000000 463.976013184
258.000000000 463.976013184
257.000000000 463.976013184
256.000000000 463.976013184
255.000000000 463.976013184
254.000000000 487.983062744
253.000000000 487.983062744
252.000000000 487.983062744
251.000000000 487.983062744
250.000000000 487.983062744
249.000000000 487.983062744
248.000000000 487.983062744
247.000000000 487.983062744
246.000000000 487.983062744
245.000000000 487.983062744
244.000000000 487.983062744
243.000000000 487.983062744
242.000000000 487.983062744
241.000000000 512.545898438
240.000000000 512.545898438
239.000000000 512.545898438
238.000000000 512.545898438
237.000000000 512.545898438
236.000000000 512.545898438
235.000000000 512.545898438
234.000000000 512.545898438
233.000000000 512.545898438
232.000000000 540.793579102
231.000000000 540.793579102
230.000000000 540.793579102
229.000000000 540.793579102
228.000000000 540.793579102
227.000000000 540.793579102
226.000000000 540.793579102
225.000000000 540.793579102
224.000000000 570.643005371
223.000000000 570.643005371
222.000000000 570.643005371
221.000000000 570.643005371
220.000000000 570.643005371
219.000000000 570.643005371
218.000000000 600.030944824
217.000000000 600.030944824
216.000000000 600.030944824
215.000000000 600.030944824
214.000000000 600.030944824
213.000000000 600.030944824
212.000000000 636.216064453
211.000000000 636.216064453
210.000000000 636.216064453
209.000000000 636.216064453
208.000000000 676.470825195
207.000000000 676.470825195
206.000000000 676.470825195
205.000000000 714.611877441
204.000000000 714.611877441
203.000000000 714.611877441
202.000000000 714.611877441
201.000000000 766.229309082
200.000000000 766.229309082
199.000000000 766.229309082
198.000000000 806.105651855
197.000000000 806.105651855
196.000000000 806.105651855
195.000000000 806.105651855
194.000000000 845.709655762
193.000000000 845.709655762
192.000000000 845.709655762
191.000000000 845.709655762
190.000000000 845.709655762
189.000000000 845.709655762
188.000000000 845.709655762
187.000000000 845.709655762
186.000000000 845.709655762
185.000000000 845.709655762
184.000000000 887.115600586
183.000000000 887.115600586
182.000000000 887.115600586
181.000000000 887.115600586
180.000000000 887.115600586
