260.000000000 463.976013184
259.000000000 463.976013184
258.000000000 463.976013184
257.000000000 463.976013184
256.000000000 463.976013184
255.000000000 486.878814697
254.000000000 486.878814697
253.000000000 486.878814697
252.000000000 486.878814697
251.000000000 486.878814697
250.000000000 486.878814697
249.000000000 486.878814697
248.000000000 486.878814697
247.000000000 486.878814697
246.000000000 486.878814697
245.000000000 486.878814697
244.000000000 486.878814697
243.000000000 486.878814697
242.000000000 510.553253174
241.000000000 510.553253174
240.000000000 510.553253174
239.000000000 510.553253174
238.000000000 510.553253174
237.000000000 510.553253174
236.000000000 510.553253174
235.000000000 510.553253174
234.000000000 510.553253174
233.000000000 537.139587402
232.000000000 537.139587402
231.000000000 537.139587402
230.000000000 537.139587402
229.000000000 537.139587402
228.000000000 537.139587402
227.000000000 537.139587402
226.000000000 537.139587402
225.000000000 566.876647949
224.000000000 566.876647949
223.000000000 566.876647949
222.000000000 566.876647949
221.000000000 566.876647949
220.000000000 566.876647949
219.000000000 566.876647949
218.000000000 600.438903809
217.000000000 600.438903809
216.000000000 600.438903809
215.000000000 600.438903809
214.000000000 600.438903809
213.000000000 600.438903809
212.000000000 636.725402832
211.000000000 636.725402832
210.000000000 636.725402832
209.000000000 636.725402832
208.000000000 677.870727539
207.000000000 677.870727539
206.000000000 677.870727539
205.000000000 715.898620605
204.000000000 715.898620605
203.000000000 715.898620605
202.000000000 755.455017090
201.000000000 755.455017090
200.000000000 755.455017090
199.000000000 794.864257812
198.000000000 794.864257812
197.000000000 794.864257812
196.000000000 835.584411621
195.000000000 835.584411621
194.000000000 835.584411621
193.000000000 835.584411621
192.000000000 848.584411621
191.000000000 848.584411621
190.000000000 848.584411621
189.000000000 848.584411621
188.000000000 848.584411621
187.000000000 848.584411621
186.000000000 848.584411621
185.000000000 848.584411621
184.000000000 848.584411621
183.000000000 848.584411621
182.000000000 848.584411621
181.000000000 899.501403809
180.000000000 899.501403809
