260.000000000 -0.551622434
259.000000000 0.152526888
258.000000000 -1.142152048
257.000000000 -0.331128342
256.000000000 0.326774213
255.000000000 0.165786889
254.000000000 0.510211604
253.000000000 -0.930790848
252.000000000 0.217688309
251.000000000 -0.619316732
250.000000000 0.630654418
249.000000000 0.011814560
248.000000000 -0.335924595
247.000000000 -0.238432418
246.000000000 0.480760559
245.000000000 -0.481051159
244.000000000 -1.089673140
243.000000000 -1.798069446
242.000000000 -1.171439550
241.000000000 -2.483031728
240.000000000 -3.995755692
239.000000000 -2.773408635
238.000000000 -4.698107339
237.000000000 -6.084810590
236.000000000 -8.381397568
235.000000000 -10.792356716
234.000000000 -12.546922076
233.000000000 -15.261786187
232.000000000 -18.467226128
231.000000000 -21.066339090
230.000000000 -23.847598429
229.000000000 -27.140893327
228.000000000 -30.445143679
227.000000000 -32.031018664
226.000000000 -35.961317993
225.000000000 -38.363357841
224.000000000 -38.452924784
223.000000000 -41.960217647
222.000000000 -42.078549195
221.000000000 -45.104008476
220.000000000 -43.694609217
219.000000000 -43.885869667
218.000000000 -43.204888487
217.000000000 -42.792234344
216.000000000 -44.292921692
215.000000000 -41.472478610
214.000000000 -45.431370783
213.000000000 -41.671134010
212.000000000 -43.294645502
211.000000000 -42.850255409
210.000000000 -43.940726246
209.000000000 -44.073390486
208.000000000 -43.804014907
207.000000000 -41.868905156
206.000000000 -41.532551234
205.000000000 -41.010726283
204.000000000 -35.112571770
203.000000000 -27.597298288
202.000000000 -21.121315986
201.000000000 -11.161330575
200.000000000 -5.092176556
199.000000000 4.432834880
198.000000000 13.997676790
197.000000000 18.737114186
196.000000000 32.675042647
195.000000000 38.700089581
194.000000000 32.172546643
193.000000000 38.323173257
192.000000000 38.060855862
191.000000000 38.661016792
190.000000000 31.481876746
189.000000000 31.942121896
188.000000000 32.238938572
187.000000000 34.493783496
186.000000000 21.285912664
185.000000000 28.523197619
184.000000000 24.364737395
183.000000000 16.875293719
182.000000000 21.470613816
181.000000000 18.899560555
180.000000000 13.524329238
