260.000000000 0.076298598
259.000000000 -0.346898632
258.000000000 -0.833047403
257.000000000 -0.072869057
256.000000000 -0.393741544
255.000000000 -0.798998165
254.000000000 -0.107967566
253.000000000 0.564875901
252.000000000 0.110963628
251.000000000 0.138048542
250.000000000 -0.107018771
249.000000000 0.051100261
248.000000000 -0.583999984
247.000000000 1.248892865
246.000000000 0.235429910
245.000000000 -0.357056294
244.000000000 -0.132124500
243.000000000 -1.520863036
242.000000000 -1.277308121
241.000000000 -2.051013665
240.000000000 -2.290992744
239.000000000 -3.317009769
238.000000000 -5.060129408
237.000000000 -5.960197772
236.000000000 -8.812116702
235.000000000 -10.444039004
234.000000000 -12.906673452
233.000000000 -15.447138636
232.000000000 -17.867511372
231.000000000 -21.436166115
230.000000000 -23.424000322
229.000000000 -27.055342973
228.000000000 -30.790826296
227.000000000 -32.696700380
226.000000000 -34.803420659
225.000000000 -38.034647807
224.000000000 -38.534173374
223.000000000 -42.678285147
222.000000000 -42.827631417
221.000000000 -43.975512263
220.000000000 -44.076708421
219.000000000 -44.146777425
218.000000000 -44.565128384
217.000000000 -44.337668848
216.000000000 -44.144625686
215.000000000 -43.053296961
214.000000000 -44.516967601
213.000000000 -43.215378862
212.000000000 -43.127711764
211.000000000 -41.657976993
210.000000000 -43.580705305
209.000000000 -44.312575346
208.000000000 -42.371368132
207.000000000 -43.693670717
206.000000000 -39.673899271
205.000000000 -37.562089667
204.000000000 -32.115004993
203.000000000 -27.758821745
202.000000000 -24.350871260
201.000000000 -13.571623692
200.000000000 -3.768766711
199.000000000 4.591865775
198.000000000 17.154195374
197.000000000 23.027430247
196.000000000 30.985117788
195.000000000 29.989085457
194.000000000 39.054852401
193.000000000 38.440917837
192.000000000 40.834123493
191.000000000 36.079744848
190.000000000 41.582917710
189.000000000 35.796518802
188.000000000 29.761046009
187.000000000 27.054397165
186.000000000 26.203080255
185.000000000 26.947488768
184.000000000 31.848726752
183.000000000 25.213812615
182.000000000 13.500884486
181.000000000 30.188746462
180.000000000 2.644087547
