260.000000000 -0.615259493
259.000000000 -0.136370430
258.000000000 -0.027253873
257.000000000 0.376930876
256.000000000 -0.730894341
255.000000000 -0.106007266
254.000000000 -0.304962941
253.000000000 -0.429138748
252.000000000 -0.562586760
251.000000000 -0.515002901
250.000000000 0.005981399
249.000000000 0.120540191
248.000000000 -0.895724541
247.000000000 -0.802332457
246.000000000 0.204082243
245.000000000 -0.446863647
244.000000000 -1.140577233
243.000000000 -1.030673111
242.000000000 -1.146840937
241.000000000 -3.140334494
240.000000000 -3.940471982
239.000000000 -4.021139513
238.000000000 -4.639960401
237.000000000 -6.619067844
236.000000000 -7.250479275
235.000000000 -9.603322188
234.000000000 -12.837350215
233.000000000 -16.337760342
232.000000000 -17.905120534
231.000000000 -21.160121291
230.000000000 -24.296724383
229.000000000 -26.892902692
228.000000000 -30.035667754
227.000000000 -32.977543055
226.000000000 -35.215001791
225.000000000 -38.807972223
224.000000000 -39.781038973
223.000000000 -41.689243468
222.000000000 -43.345350248
221.000000000 -45.045180359
220.000000000 -43.798056719
219.000000000 -45.422334065
218.000000000 -44.102209411
217.000000000 -43.063610744
216.000000000 -44.898477728
215.000000000 -42.686138209
214.000000000 -41.519001896
213.000000000 -41.838042933
212.000000000 -44.030281034
211.000000000 -41.885303577
210.000000000 -44.791733127
209.000000000 -47.839661332
208.000000000 -44.749260211
207.000000000 -46.943117885
206.000000000 -43.107576970
205.000000000 -40.211355355
204.000000000 -32.140362649
203.000000000 -29.786527044
202.000000000 -19.819164245
201.000000000 -10.582573309
200.000000000 -7.380695840
199.000000000 5.937795908
198.000000000 14.540609198
197.000000000 26.491871615
196.000000000 31.775170188
195.000000000 27.334015368
194.000000000 33.018952584
193.000000000 38.163756321
192.000000000 38.472601751
191.000000000 35.856497546
190.000000000 38.530836851
189.000000000 34.443061144
188.000000000 28.794241847
187.000000000 28.430365352
186.000000000 24.635663141
185.000000000 27.448067287
184.000000000 17.559121743
183.000000000 30.071450544
182.000000000 24.865839572
181.000000000 16.492784165
180.000000000 7.633672365
