260.000000000 463.976013184
259.000000000 463.976013184
258.000000000 463.976013184
257.000000000 463.976013184
256.000000000 463.976013184
255.000000000 463.976013184
254.000000000 487.795135498
253.000000000 487.795135498
252.000000000 487.795135498
251.000000000 487.795135498
250.000000000 487.795135498
249.000000000 487.795135498
248.000000000 487.795135498
247.000000000 487.795135498
246.000000000 487.795135498
245.000000000 487.795135498
244.000000000 487.795135498
243.000000000 487.795135498
242.000000000 487.795135498
241.000000000 487.795135498
240.000000000 512.507324219
239.000000000 512.507324219
238.000000000 512.507324219
237.000000000 512.507324219
236.000000000 512.507324219
235.000000000 512.507324219
234.000000000 512.507324219
233.000000000 512.507324219
232.000000000 512.507324219
231.000000000 539.755065918
230.000000000 539.755065918
229.000000000 539.755065918
228.000000000 539.755065918
227.000000000 539.755065918
226.000000000 539.755065918
225.000000000 539.755065918
224.000000000 539.755065918
223.000000000 539.755065918
222.000000000 567.880065918
221.000000000 567.880065918
220.000000000 567.880065918
219.000000000 567.880065918
218.000000000 567.880065918
217.000000000 567.880065918
216.000000000 567.880065918
215.000000000 597.990783691
214.000000000 597.990783691
213.000000000 597.990783691
212.000000000 597.990783691
211.000000000 597.990783691
210.000000000 628.365966797
209.000000000 628.365966797
208.000000000 628.365966797
207.000000000 628.365966797
206.000000000 669.174438477
205.000000000 669.174438477
204.000000000 669.174438477
203.000000000 669.174438477
202.000000000 704.598327637
201.000000000 704.598327637
200.000000000 704.598327637
199.000000000 704.598327637
198.000000000 739.050598145
197.000000000 739.050598145
196.000000000 739.050598145
195.000000000 739.050598145
194.000000000 784.975219727
193.000000000 784.975219727
192.000000000 784.975219727
191.000000000 784.975219727
190.000000000 784.975219727
189.000000000 784.975219727
188.000000000 784.975219727
187.000000000 784.975219727
186.000000000 784.975219727
185.000000000 784.975219727
184.000000000 784.975219727
183.000000000 825.566894531
182.000000000 825.566894531
181.000000000 866.805969238
180.000000000 866.805969238
