260.000000000 409.711761475
259.000000000 409.711761475
258.000000000 409.711761475
257.000000000 409.711761475
256.000000000 409.711761475
255.000000000 409.711761475
254.000000000 409.711761475
253.000000000 409.711761475
252.000000000 409.711761475
251.000000000 409.711761475
250.000000000 409.711761475
249.000000000 409.711761475
248.000000000 409.711761475
247.000000000 409.711761475
246.000000000 409.711761475
245.000000000 409.711761475
244.000000000 409.711761475
243.000000000 409.711761475
242.000000000 429.891815186
241.000000000 429.891815186
240.000000000 429.891815186
239.000000000 429.891815186
238.000000000 429.891815186
237.000000000 429.891815186
236.000000000 429.891815186
235.000000000 429.891815186
234.000000000 429.891815186
233.000000000 429.891815186
232.000000000 429.891815186
231.000000000 452.702178955
230.000000000 452.702178955
229.000000000 452.702178955
228.000000000 452.702178955
227.000000000 452.702178955
226.000000000 452.702178955
225.000000000 452.702178955
224.000000000 452.702178955
223.000000000 452.702178955
222.000000000 476.090789795
221.000000000 476.090789795
220.000000000 476.090789795
219.000000000 476.090789795
218.000000000 476.090789795
217.000000000 476.090789795
216.000000000 476.090789795
215.000000000 499.806823730
214.000000000 499.806823730
213.000000000 499.806823730
212.000000000 499.806823730
211.000000000 499.806823730
210.000000000 499.806823730
209.000000000 528.173583984
208.000000000 528.173583984
207.000000000 528.173583984
206.000000000 528.173583984
205.000000000 553.191711426
204.000000000 553.191711426
203.000000000 553.191711426
202.000000000 553.191711426
201.000000000 585.734985352
200.000000000 585.734985352
199.000000000 585.734985352
198.000000000 585.734985352
197.000000000 627.364013672
196.000000000 627.364013672
195.000000000 627.364013672
194.000000000 658.891052246
193.000000000 658.891052246
192.000000000 658.891052246
191.000000000 658.891052246
190.000000000 658.891052246
189.000000000 658.891052246
188.000000000 658.891052246
187.000000000 658.891052246
186.000000000 658.891052246
185.000000000 658.891052246
184.000000000 693.784790039
183.000000000 693.784790039
182.000000000 693.784790039
181.000000000 693.784790039
180.000000000 693.784790039
