260.000000000 409.711761475
259.000000000 409.711761475
258.000000000 409.711761475
257.000000000 409.711761475
256.000000000 409.711761475
255.000000000 409.711761475
254.000000000 409.711761475
253.000000000 409.711761475
252.000000000 409.711761475
251.000000000 409.711761475
250.000000000 409.711761475
249.000000000 409.711761475
248.000000000 409.711761475
247.000000000 409.711761475
246.000000000 409.711761475
245.000000000 409.711761475
244.000000000 409.711761475
243.000000000 429.339813232
242.000000000 429.339813232
241.000000000 429.339813232
240.000000000 429.339813232
239.000000000 429.339813232
238.000000000 429.339813232
237.000000000 429.339813232
236.000000000 429.339813232
235.000000000 429.339813232
234.000000000 429.339813232
233.000000000 429.339813232
232.000000000 449.884277344
231.000000000 449.884277344
230.000000000 449.884277344
229.000000000 449.884277344
228.000000000 449.884277344
227.000000000 449.884277344
226.000000000 449.884277344
225.000000000 449.884277344
224.000000000 449.884277344
223.000000000 472.467590332
222.000000000 472.467590332
221.000000000 472.467590332
220.000000000 472.467590332
219.000000000 472.467590332
218.000000000 472.467590332
217.000000000 472.467590332
216.000000000 496.154449463
215.000000000 496.154449463
214.000000000 496.154449463
213.000000000 496.154449463
212.000000000 496.154449463
211.000000000 496.154449463
210.000000000 520.058288574
209.000000000 520.058288574
208.000000000 520.058288574
207.000000000 520.058288574
206.000000000 545.562927246
205.000000000 545.562927246
204.000000000 545.562927246
203.000000000 545.562927246
202.000000000 572.719665527
201.000000000 572.719665527
200.000000000 572.719665527
199.000000000 605.717041016
198.000000000 605.717041016
197.000000000 605.717041016
196.000000000 636.406005859
195.000000000 636.406005859
194.000000000 636.406005859
193.000000000 636.406005859
192.000000000 668.800964355
191.000000000 668.800964355
190.000000000 668.800964355
189.000000000 668.800964355
188.000000000 668.800964355
187.000000000 668.800964355
186.000000000 668.800964355
185.000000000 668.800964355
184.000000000 668.800964355
183.000000000 668.800964355
182.000000000 712.913757324
181.000000000 712.913757324
180.000000000 712.913757324
