260.000000000 463.976013184
259.000000000 463.976013184
258.000000000 463.976013184
257.000000000 463.976013184
256.000000000 463.976013184
255.000000000 463.976013184
254.000000000 487.810943604
253.000000000 487.810943604
252.000000000 487.810943604
251.000000000 487.810943604
250.000000000 487.810943604
249.000000000 487.810943604
248.000000000 487.810943604
247.000000000 487.810943604
246.000000000 487.810943604
245.000000000 487.810943604
244.000000000 487.810943604
243.000000000 487.810943604
242.000000000 487.810943604
241.000000000 511.588775635
240.000000000 511.588775635
239.000000000 511.588775635
238.000000000 511.588775635
237.000000000 511.588775635
236.000000000 511.588775635
235.000000000 511.588775635
234.000000000 511.588775635
233.000000000 511.588775635
232.000000000 511.588775635
231.000000000 539.507324219
230.000000000 539.507324219
229.000000000 539.507324219
228.000000000 539.507324219
227.000000000 539.507324219
226.000000000 539.507324219
225.000000000 539.507324219
224.000000000 539.507324219
223.000000000 539.507324219
222.000000000 567.522094727
221.000000000 567.522094727
220.000000000 567.522094727
219.000000000 567.522094727
218.000000000 567.522094727
217.000000000 567.522094727
216.000000000 567.522094727
215.000000000 597.686157227
214.000000000 597.686157227
213.000000000 597.686157227
212.000000000 597.686157227
211.000000000 597.686157227
210.000000000 628.760192871
209.000000000 628.760192871
208.000000000 628.760192871
207.000000000 628.760192871
206.000000000 669.389160156
205.000000000 669.389160156
204.000000000 669.389160156
203.000000000 669.389160156
202.000000000 706.094055176
201.000000000 706.094055176
200.000000000 706.094055176
199.000000000 706.094055176
198.000000000 745.839599609
197.000000000 745.839599609
196.000000000 745.839599609
195.000000000 745.839599609
194.000000000 784.263183594
193.000000000 784.263183594
192.000000000 784.263183594
191.000000000 784.263183594
190.000000000 784.263183594
189.000000000 784.263183594
188.000000000 784.263183594
187.000000000 784.263183594
186.000000000 784.263183594
185.000000000 784.263183594
184.000000000 784.263183594
183.000000000 784.263183594
182.000000000 842.700622559
181.000000000 842.700622559
180.000000000 842.700622559
