260.000000000 463.976013184
259.000000000 463.976013184
258.000000000 463.976013184
257.000000000 463.976013184
256.000000000 463.976013184
255.000000000 463.976013184
254.000000000 488.153015137
253.000000000 488.153015137
252.000000000 488.153015137
251.000000000 488.153015137
250.000000000 488.153015137
249.000000000 488.153015137
248.000000000 488.153015137
247.000000000 488.153015137
246.000000000 488.153015137
245.000000000 488.153015137
244.000000000 488.153015137
243.000000000 488.153015137
242.000000000 488.153015137
241.000000000 488.153015137
240.000000000 514.210693359
239.000000000 514.210693359
238.000000000 514.210693359
237.000000000 514.210693359
236.000000000 514.210693359
235.000000000 514.210693359
234.000000000 514.210693359
233.000000000 514.210693359
232.000000000 514.210693359
231.000000000 540.081237793
230.000000000 540.081237793
229.000000000 540.081237793
228.000000000 540.081237793
227.000000000 540.081237793
226.000000000 540.081237793
225.000000000 540.081237793
224.000000000 540.081237793
223.000000000 540.081237793
222.000000000 569.619934082
221.000000000 569.619934082
220.000000000 569.619934082
219.000000000 569.619934082
218.000000000 569.619934082
217.000000000 569.619934082
216.000000000 569.619934082
215.000000000 598.673278809
214.000000000 598.673278809
213.000000000 598.673278809
212.000000000 598.673278809
211.000000000 598.673278809
210.000000000 631.247497559
209.000000000 631.247497559
208.000000000 631.247497559
207.000000000 631.247497559
206.000000000 671.949890137
205.000000000 671.949890137
204.000000000 671.949890137
203.000000000 671.949890137
202.000000000 707.109252930
201.000000000 707.109252930
200.000000000 707.109252930
199.000000000 707.109252930
198.000000000 707.109252930
197.000000000 758.316467285
196.000000000 758.316467285
195.000000000 758.316467285
194.000000000 758.316467285
193.000000000 758.316467285
192.000000000 758.316467285
191.000000000 802.842895508
190.000000000 802.842895508
189.000000000 802.842895508
188.000000000 802.842895508
187.000000000 802.842895508
186.000000000 802.842895508
185.000000000 802.842895508
184.000000000 802.842895508
183.000000000 802.842895508
182.000000000 802.842895508
181.000000000 864.961608887
180.000000000 864.961608887
