260.000000000 409.711761475
259.000000000 409.711761475
258.000000000 409.711761475
257.000000000 409.711761475
256.000000000 409.711761475
255.000000000 409.711761475
254.000000000 409.711761475
253.000000000 409.711761475
252.000000000 409.711761475
251.000000000 409.711761475
250.000000000 409.711761475
249.000000000 409.711761475
248.000000000 409.711761475
247.000000000 409.711761475
246.000000000 409.711761475
245.000000000 409.711761475
244.000000000 409.711761475
243.000000000 409.711761475
242.000000000 429.678375244
241.000000000 429.678375244
240.000000000 429.678375244
239.000000000 429.678375244
238.000000000 429.678375244
237.000000000 429.678375244
236.000000000 429.678375244
235.000000000 429.678375244
234.000000000 429.678375244
233.000000000 429.678375244
232.000000000 429.678375244
231.000000000 451.787292480
230.000000000 451.787292480
229.000000000 451.787292480
228.000000000 451.787292480
227.000000000 451.787292480
226.000000000 451.787292480
225.000000000 451.787292480
224.000000000 451.787292480
223.000000000 451.787292480
222.000000000 474.895141602
221.000000000 474.895141602
220.000000000 474.895141602
219.000000000 474.895141602
218.000000000 474.895141602
217.000000000 474.895141602
216.000000000 474.895141602
215.000000000 498.482177734
214.000000000 498.482177734
213.000000000 498.482177734
212.000000000 498.482177734
211.000000000 498.482177734
210.000000000 498.482177734
209.000000000 526.518676758
208.000000000 526.518676758
207.000000000 526.518676758
206.000000000 526.518676758
205.000000000 552.159790039
204.000000000 552.159790039
203.000000000 552.159790039
202.000000000 552.159790039
201.000000000 583.661376953
200.000000000 583.661376953
199.000000000 583.661376953
198.000000000 615.649841309
197.000000000 615.649841309
196.000000000 615.649841309
195.000000000 615.649841309
194.000000000 645.180847168
193.000000000 645.180847168
192.000000000 645.180847168
191.000000000 645.180847168
190.000000000 645.180847168
189.000000000 682.588500977
188.000000000 682.588500977
187.000000000 682.588500977
186.000000000 682.588500977
185.000000000 682.588500977
184.000000000 682.588500977
183.000000000 682.588500977
182.000000000 682.588500977
181.000000000 720.796813965
180.000000000 720.796813965
