260.000000000 -1.103013032
259.000000000 -1.178889793
258.000000000 -0.525858983
257.000000000 -1.099889920
256.000000000 -0.092667647
255.000000000 -0.027278996
254.000000000 -0.735066785
253.000000000 -1.647203503
252.000000000 -1.193393795
251.000000000 -1.010510685
250.000000000 -0.481478093
249.000000000 -0.651795630
248.000000000 -1.148123254
247.000000000 -0.607427403
246.000000000 -0.156523800
245.000000000 -1.435419091
244.000000000 -1.944914264
243.000000000 -2.434466224
242.000000000 -1.646349667
241.000000000 -1.830150041
240.000000000 -2.654859114
239.000000000 -3.388642097
238.000000000 -3.611224031
237.000000000 -5.004692335
236.000000000 -6.026750072
235.000000000 -7.137849177
234.000000000 -7.567270751
233.000000000 -10.368147637
232.000000000 -11.802983612
231.000000000 -14.631179062
230.000000000 -16.832552147
229.000000000 -18.346552264
228.000000000 -19.390309946
227.000000000 -23.299542016
226.000000000 -23.763826916
225.000000000 -26.203269962
224.000000000 -26.039640981
223.000000000 -27.616687007
222.000000000 -28.804320893
221.000000000 -28.524162280
220.000000000 -29.259053212
219.000000000 -29.638728172
218.000000000 -29.302740149
217.000000000 -28.545508174
216.000000000 -27.228780301
215.000000000 -29.904535622
214.000000000 -27.234175558
213.000000000 -28.661878685
212.000000000 -27.318895368
211.000000000 -27.569409656
210.000000000 -27.334311688
209.000000000 -28.603107043
208.000000000 -30.237726463
207.000000000 -30.511771874
206.000000000 -26.900448356
205.000000000 -24.546407156
204.000000000 -23.042182644
203.000000000 -19.008888674
202.000000000 -16.518102892
201.000000000 -9.288071702
200.000000000 -0.803686828
199.000000000 3.834353463
198.000000000 13.306051002
197.000000000 21.703806773
196.000000000 27.277619068
195.000000000 31.101779838
194.000000000 38.267073326
193.000000000 32.796196971
192.000000000 40.222043798
191.000000000 41.613635360
190.000000000 43.267424603
189.000000000 34.924516858
188.000000000 35.365166206
187.000000000 35.170037922
186.000000000 35.699704113
185.000000000 27.591944918
184.000000000 29.447708434
183.000000000 24.737233278
182.000000000 19.250213284
181.000000000 17.234221759
180.000000000 5.977459925
