260.000000000 -0.380568319
259.000000000 -1.185431705
258.000000000 -0.196277923
257.000000000 -0.825978361
256.000000000 -0.837482442
255.000000000 -0.433493099
254.000000000 -0.694870341
253.000000000 -0.819258259
252.000000000 -0.364118673
251.000000000 -0.017117558
250.000000000 -0.113968332
249.000000000 -1.238989735
248.000000000 0.006858316
247.000000000 -0.440355162
246.000000000 -0.411123935
245.000000000 -1.863300118
244.000000000 -0.822553800
243.000000000 -1.209386425
242.000000000 -1.471666696
241.000000000 -2.565396238
240.000000000 -3.438371756
239.000000000 -3.206574514
238.000000000 -3.569946725
237.000000000 -4.333022294
236.000000000 -5.990332952
235.000000000 -7.130750568
234.000000000 -8.343648347
233.000000000 -8.611368328
232.000000000 -12.121028906
231.000000000 -13.913923152
230.000000000 -15.362815700
229.000000000 -18.256947039
228.000000000 -19.751830195
227.000000000 -21.812360035
226.000000000 -22.896662603
225.000000000 -24.520343073
224.000000000 -27.114259674
223.000000000 -27.465343556
222.000000000 -27.952412763
221.000000000 -28.179264016
220.000000000 -29.056383951
219.000000000 -28.906319299
218.000000000 -27.654431489
217.000000000 -28.983169798
216.000000000 -28.083486319
215.000000000 -28.215759071
214.000000000 -29.065109415
213.000000000 -26.935335167
212.000000000 -29.356111134
211.000000000 -26.780981696
210.000000000 -29.281386176
209.000000000 -30.753969733
208.000000000 -32.797270780
207.000000000 -29.261954129
206.000000000 -28.818080093
205.000000000 -24.940991940
204.000000000 -25.092369923
203.000000000 -19.740426533
202.000000000 -13.960760577
201.000000000 -8.694887107
200.000000000 -4.570132839
199.000000000 2.581706307
198.000000000 11.367683816
197.000000000 22.591066672
196.000000000 23.867875259
195.000000000 36.423835615
194.000000000 32.900751288
193.000000000 37.695320321
192.000000000 35.817792540
191.000000000 38.226816467
190.000000000 38.959967519
189.000000000 39.849397919
188.000000000 33.343071866
187.000000000 40.662347580
186.000000000 32.668824845
185.000000000 30.578838090
184.000000000 32.549722769
183.000000000 16.405597909
182.000000000 23.164639865
181.000000000 7.349109906
180.000000000 6.846297578
