260.000000000 -0.603358092
259.000000000 -1.194276126
258.000000000 -1.109358699
257.000000000 -0.543977204
256.000000000 -1.208089551
255.000000000 -0.374131917
254.000000000 -0.614277460
253.000000000 -1.248643116
252.000000000 -0.188314134
251.000000000 -0.343313923
250.000000000 -0.816149801
249.000000000 -0.935178839
248.000000000 -1.340974868
247.000000000 0.262183706
246.000000000 -0.658207359
245.000000000 -0.434415655
244.000000000 -1.302182174
243.000000000 -1.860165338
242.000000000 -2.269529203
241.000000000 -1.448159063
240.000000000 -2.469862577
239.000000000 -3.385898768
238.000000000 -3.365897812
237.000000000 -4.148110959
236.000000000 -6.173804201
235.000000000 -7.243028589
234.000000000 -9.720762670
233.000000000 -10.199267214
232.000000000 -11.779190156
231.000000000 -14.400138577
230.000000000 -15.993773299
229.000000000 -18.135795108
228.000000000 -20.007506624
227.000000000 -23.364103593
226.000000000 -22.966372793
225.000000000 -24.628745614
224.000000000 -26.509254746
223.000000000 -27.608998397
222.000000000 -28.143097682
221.000000000 -29.020063897
220.000000000 -29.810280580
219.000000000 -28.892914658
218.000000000 -30.850286208
217.000000000 -29.127848926
216.000000000 -28.687674706
215.000000000 -28.585023645
214.000000000 -30.624777899
213.000000000 -29.528312106
212.000000000 -27.504893545
211.000000000 -28.824058805
210.000000000 -29.600086778
209.000000000 -31.515431567
208.000000000 -29.504244714
207.000000000 -31.530672792
206.000000000 -30.328310432
205.000000000 -26.042453021
204.000000000 -22.561406027
203.000000000 -21.373574938
202.000000000 -13.202473429
201.000000000 -10.208648611
200.000000000 -3.149885133
199.000000000 4.529436439
198.000000000 16.835215424
197.000000000 25.122957080
196.000000000 26.492777423
195.000000000 31.092960788
194.000000000 35.996193080
193.000000000 34.538141518
192.000000000 38.568739059
191.000000000 34.902193136
190.000000000 35.452541385
189.000000000 36.193232205
188.000000000 32.749989085
187.000000000 36.187695286
186.000000000 33.143976043
185.000000000 31.810771288
184.000000000 22.717104271
183.000000000 22.938297282
182.000000000 14.750887310
181.000000000 13.190281461
180.000000000 9.665085321
