260.000000000 463.976013184
259.000000000 463.976013184
258.000000000 463.976013184
257.000000000 463.976013184
256.000000000 463.976013184
255.000000000 463.976013184
254.000000000 463.976013184
253.000000000 463.976013184
252.000000000 463.976013184
251.000000000 463.976013184
250.000000000 463.976013184
249.000000000 463.976013184
248.000000000 463.976013184
247.000000000 463.976013184
246.000000000 463.976013184
245.000000000 463.976013184
244.000000000 463.976013184
243.000000000 463.976013184
242.000000000 463.976013184
241.000000000 463.976013184
240.000000000 463.976013184
239.000000000 463.976013184
238.000000000 463.976013184
237.000000000 463.976013184
236.000000000 463.976013184
235.000000000 463.976013184
234.000000000 463.976013184
233.000000000 463.976013184
232.000000000 463.976013184
231.000000000 463.976013184
230.000000000 463.976013184
229.000000000 463.976013184
228.000000000 463.976013184
227.000000000 463.976013184
226.000000000 463.976013184
225.000000000 463.976013184
224.000000000 463.976013184
223.000000000 463.976013184
222.000000000 463.976013184
221.000000000 463.976013184
220.000000000 463.976013184
219.000000000 463.976013184
218.000000000 463.976013184
217.000000000 463.976013184
216.000000000 463.976013184
215.000000000 463.976013184
214.000000000 463.976013184
213.000000000 463.976013184
212.000000000 463.976013184
211.000000000 463.976013184
210.000000000 463.976013184
209.000000000 463.976013184
208.000000000 463.976013184
207.000000000 463.976013184
206.000000000 463.976013184
205.000000000 463.976013184
204.000000000 463.976013184
203.000000000 463.976013184
202.000000000 463.976013184
201.000000000 463.976013184
200.000000000 463.976013184
199.000000000 463.976013184
198.000000000 463.976013184
197.000000000 463.976013184
196.000000000 463.976013184
195.000000000 463.976013184
194.000000000 463.976013184
193.000000000 463.976013184
192.000000000 463.976013184
191.000000000 463.976013184
190.000000000 463.976013184
189.000000000 463.976013184
188.000000000 463.976013184
187.000000000 463.976013184
186.000000000 463.976013184
185.000000000 463.976013184
184.000000000 463.976013184
183.000000000 463.976013184
182.000000000 463.976013184
181.000000000 463.976013184
180.000000000 463.976013184
