260.000000000 409.711761475
259.000000000 409.711761475
258.000000000 409.711761475
257.000000000 409.711761475
256.000000000 409.711761475
255.000000000 409.711761475
254.000000000 409.711761475
253.000000000 409.711761475
252.000000000 409.711761475
251.000000000 409.711761475
250.000000000 409.711761475
249.000000000 409.711761475
248.000000000 409.711761475
247.000000000 409.711761475
246.000000000 409.711761475
245.000000000 409.711761475
244.000000000 409.711761475
243.000000000 409.711761475
242.000000000 429.737213135
241.000000000 429.737213135
240.000000000 429.737213135
239.000000000 429.737213135
238.000000000 429.737213135
237.000000000 429.737213135
236.000000000 429.737213135
235.000000000 429.737213135
234.000000000 429.737213135
233.000000000 429.737213135
232.000000000 429.737213135
231.000000000 451.111297607
230.000000000 451.111297607
229.000000000 451.111297607
228.000000000 451.111297607
227.000000000 451.111297607
226.000000000 451.111297607
225.000000000 451.111297607
224.000000000 451.111297607
223.000000000 451.111297607
222.000000000 474.672210693
221.000000000 474.672210693
220.000000000 474.672210693
219.000000000 474.672210693
218.000000000 474.672210693
217.000000000 474.672210693
216.000000000 474.672210693
215.000000000 497.883666992
214.000000000 497.883666992
213.000000000 497.883666992
212.000000000 497.883666992
211.000000000 497.883666992
210.000000000 497.883666992
209.000000000 527.613586426
208.000000000 527.613586426
207.000000000 527.613586426
206.000000000 527.613586426
205.000000000 553.221679688
204.000000000 553.221679688
203.000000000 553.221679688
202.000000000 553.221679688
201.000000000 553.221679688
200.000000000 589.682678223
199.000000000 589.682678223
198.000000000 589.682678223
197.000000000 619.123657227
196.000000000 619.123657227
195.000000000 619.123657227
194.000000000 656.953369141
193.000000000 656.953369141
192.000000000 656.953369141
191.000000000 656.953369141
190.000000000 656.953369141
189.000000000 656.953369141
188.000000000 656.953369141
187.000000000 656.953369141
186.000000000 656.953369141
185.000000000 656.953369141
184.000000000 692.028503418
183.000000000 692.028503418
182.000000000 692.028503418
181.000000000 692.028503418
180.000000000 692.028503418
