260.000000000 409.711761475
259.000000000 409.711761475
258.000000000 409.711761475
257.000000000 409.711761475
256.000000000 409.711761475
255.000000000 409.711761475
254.000000000 409.711761475
253.000000000 409.711761475
252.000000000 409.711761475
251.000000000 409.711761475
250.000000000 409.711761475
249.000000000 409.711761475
248.000000000 409.711761475
247.000000000 409.711761475
246.000000000 409.711761475
245.000000000 409.711761475
244.000000000 409.711761475
243.000000000 409.711761475
242.000000000 409.711761475
241.000000000 430.310302734
240.000000000 430.310302734
239.000000000 430.310302734
238.000000000 430.310302734
237.000000000 430.310302734
236.000000000 430.310302734
235.000000000 430.310302734
234.000000000 430.310302734
233.000000000 430.310302734
232.000000000 430.310302734
231.000000000 450.874450684
230.000000000 450.874450684
229.000000000 450.874450684
228.000000000 450.874450684
227.000000000 450.874450684
226.000000000 450.874450684
225.000000000 450.874450684
224.000000000 450.874450684
223.000000000 450.874450684
222.000000000 474.290008545
221.000000000 474.290008545
220.000000000 474.290008545
219.000000000 474.290008545
218.000000000 474.290008545
217.000000000 474.290008545
216.000000000 474.290008545
215.000000000 497.492584229
214.000000000 497.492584229
213.000000000 497.492584229
212.000000000 497.492584229
211.000000000 497.492584229
210.000000000 497.492584229
209.000000000 527.206726074
208.000000000 527.206726074
207.000000000 527.206726074
206.000000000 527.206726074
205.000000000 527.206726074
204.000000000 557.933898926
203.000000000 557.933898926
202.000000000 557.933898926
201.000000000 557.933898926
200.000000000 590.411499023
199.000000000 590.411499023
198.000000000 590.411499023
197.000000000 625.628112793
196.000000000 625.628112793
195.000000000 625.628112793
194.000000000 657.214477539
193.000000000 657.214477539
192.000000000 657.214477539
191.000000000 657.214477539
190.000000000 657.214477539
189.000000000 657.214477539
188.000000000 657.214477539
187.000000000 657.214477539
186.000000000 657.214477539
185.000000000 657.214477539
184.000000000 694.164855957
183.000000000 694.164855957
182.000000000 694.164855957
181.000000000 694.164855957
180.000000000 694.164855957
