260.000000000 409.711761475
259.000000000 409.711761475
258.000000000 409.711761475
257.000000000 409.711761475
256.000000000 409.711761475
255.000000000 409.711761475
254.000000000 409.711761475
253.000000000 409.711761475
252.000000000 409.711761475
251.000000000 409.711761475
250.000000000 409.711761475
249.000000000 409.711761475
248.000000000 409.711761475
247.000000000 409.711761475
246.000000000 409.711761475
245.000000000 409.711761475
244.000000000 409.711761475
243.000000000 409.711761475
242.000000000 429.876525879
241.000000000 429.876525879
240.000000000 429.876525879
239.000000000 429.876525879
238.000000000 429.876525879
237.000000000 429.876525879
236.000000000 429.876525879
235.000000000 429.876525879
234.000000000 429.876525879
233.000000000 429.876525879
232.000000000 429.876525879
231.000000000 451.687744141
230.000000000 451.687744141
229.000000000 451.687744141
228.000000000 451.687744141
227.000000000 451.687744141
226.000000000 451.687744141
225.000000000 451.687744141
224.000000000 451.687744141
223.000000000 451.687744141
222.000000000 475.159057617
221.000000000 475.159057617
220.000000000 475.159057617
219.000000000 475.159057617
218.000000000 475.159057617
217.000000000 475.159057617
216.000000000 475.159057617
215.000000000 498.006042480
214.000000000 498.006042480
213.000000000 498.006042480
212.000000000 498.006042480
211.000000000 498.006042480
210.000000000 498.006042480
209.000000000 524.924743652
208.000000000 524.924743652
207.000000000 524.924743652
206.000000000 524.924743652
205.000000000 552.058410645
204.000000000 552.058410645
203.000000000 552.058410645
202.000000000 552.058410645
201.000000000 583.221069336
200.000000000 583.221069336
199.000000000 583.221069336
198.000000000 611.739379883
197.000000000 611.739379883
196.000000000 611.739379883
195.000000000 611.739379883
194.000000000 653.937133789
193.000000000 653.937133789
192.000000000 653.937133789
191.000000000 653.937133789
190.000000000 653.937133789
189.000000000 653.937133789
188.000000000 653.937133789
187.000000000 653.937133789
186.000000000 653.937133789
185.000000000 653.937133789
184.000000000 694.402160645
183.000000000 694.402160645
182.000000000 694.402160645
181.000000000 694.402160645
180.000000000 734.457336426
