260.000000000 -0.562541140
259.000000000 -1.825307665
258.000000000 -1.870063689
257.000000000 -1.115192630
256.000000000 -1.137210236
255.000000000 -2.218686607
254.000000000 -1.020069148
253.000000000 -1.218169912
252.000000000 -2.401791007
251.000000000 -1.754048310
250.000000000 -1.615309008
249.000000000 -1.896722117
248.000000000 -1.503220979
247.000000000 -1.240237541
246.000000000 -1.317254065
245.000000000 -1.458128922
244.000000000 -2.203800117
243.000000000 -2.335837412
242.000000000 -3.030365412
241.000000000 -3.115054814
240.000000000 -4.917637281
239.000000000 -4.157329564
238.000000000 -4.898224357
237.000000000 -6.257638236
236.000000000 -7.970391055
235.000000000 -8.203487834
234.000000000 -10.922821618
233.000000000 -11.669832723
232.000000000 -14.419915189
231.000000000 -14.759996620
230.000000000 -18.455129346
229.000000000 -19.666917946
228.000000000 -21.762721060
227.000000000 -22.917606174
226.000000000 -24.334844765
225.000000000 -26.223912098
224.000000000 -26.389118908
223.000000000 -28.622384901
222.000000000 -28.616348213
221.000000000 -30.292106849
220.000000000 -30.056346552
219.000000000 -29.996407788
218.000000000 -29.590474292
217.000000000 -28.842108366
216.000000000 -31.501060255
215.000000000 -30.007144615
214.000000000 -27.990138456
213.000000000 -29.191327423
212.000000000 -30.038731248
211.000000000 -32.270994754
210.000000000 -30.201057022
209.000000000 -31.396011653
208.000000000 -31.723927417
207.000000000 -31.468253907
206.000000000 -30.317160090
205.000000000 -29.905742874
204.000000000 -24.099030287
203.000000000 -20.362288281
202.000000000 -19.975043141
201.000000000 -11.269553431
200.000000000 -6.785909201
199.000000000 2.905194190
198.000000000 10.990563565
197.000000000 13.295761503
196.000000000 22.039108413
195.000000000 29.886919758
194.000000000 29.127201947
193.000000000 28.359773929
192.000000000 30.934291913
191.000000000 38.218462052
190.000000000 31.839234807
189.000000000 33.155701563
188.000000000 29.098298104
187.000000000 28.256161629
186.000000000 26.859431897
185.000000000 27.140181935
184.000000000 13.260406658
183.000000000 12.297178275
182.000000000 15.483453325
181.000000000 7.633098261
180.000000000 4.377889767
