260.000000000 -1.972152626
259.000000000 -1.886142737
258.000000000 -1.902486043
257.000000000 -1.537545545
256.000000000 -2.088093490
255.000000000 -1.273977588
254.000000000 -2.115208418
253.000000000 -1.734883062
252.000000000 -1.784640980
251.000000000 -1.026491494
250.000000000 -1.710205402
249.000000000 -1.740583890
248.000000000 -1.423006118
247.000000000 -2.147647609
246.000000000 -1.660716614
245.000000000 -2.650989264
244.000000000 -2.786722883
243.000000000 -2.081564168
242.000000000 -3.062997239
241.000000000 -3.074840671
240.000000000 -3.262432770
239.000000000 -3.947837971
238.000000000 -4.295284881
237.000000000 -5.288151487
236.000000000 -7.457272936
235.000000000 -8.907589963
234.000000000 -9.058631266
233.000000000 -12.931136874
232.000000000 -12.013541871
231.000000000 -15.184265420
230.000000000 -17.706176103
229.000000000 -18.958361223
228.000000000 -22.441181539
227.000000000 -23.845202134
226.000000000 -24.488049054
225.000000000 -26.200323093
224.000000000 -26.857299704
223.000000000 -28.816470298
222.000000000 -28.568579557
221.000000000 -29.350075824
220.000000000 -30.428116494
219.000000000 -31.856282363
218.000000000 -30.687084400
217.000000000 -30.172265085
216.000000000 -30.798532512
215.000000000 -28.555112626
214.000000000 -28.031713539
213.000000000 -29.778247622
212.000000000 -30.515002573
211.000000000 -30.454229349
210.000000000 -29.948776472
209.000000000 -31.924950661
208.000000000 -33.005907433
207.000000000 -30.431216737
206.000000000 -31.924509885
205.000000000 -26.922521034
204.000000000 -27.144578608
203.000000000 -21.530521891
202.000000000 -16.498606008
201.000000000 -11.579528448
200.000000000 -6.040724713
199.000000000 2.414690127
198.000000000 7.829436542
197.000000000 15.128881867
196.000000000 25.058734142
195.000000000 31.254621486
194.000000000 34.110194361
193.000000000 32.944551519
192.000000000 26.697853481
191.000000000 29.858045670
190.000000000 35.120248782
189.000000000 31.127185217
188.000000000 34.242273332
187.000000000 33.274797985
186.000000000 20.357137694
185.000000000 26.919185918
184.000000000 20.951490777
183.000000000 19.640685842
182.000000000 7.993163033
181.000000000 12.243158736
180.000000000 2.718723898
