260.000000000 -1.414069239
259.000000000 -1.929957566
258.000000000 -1.576572473
257.000000000 -2.304786173
256.000000000 -1.780498732
255.000000000 -0.962287801
254.000000000 -1.591314691
253.000000000 -2.026036779
252.000000000 -1.507097221
251.000000000 -1.434621212
250.000000000 -1.291130295
249.000000000 -1.399567527
248.000000000 -1.378044007
247.000000000 -0.605371053
246.000000000 -1.919162800
245.000000000 -2.343844862
244.000000000 -3.518822605
243.000000000 -2.681006635
242.000000000 -3.814259526
241.000000000 -3.039537149
240.000000000 -4.685866392
239.000000000 -3.481259442
238.000000000 -4.928172678
237.000000000 -7.047402098
236.000000000 -7.796184285
235.000000000 -9.944677601
234.000000000 -10.286699716
233.000000000 -12.125882957
232.000000000 -13.089118042
231.000000000 -16.404156765
230.000000000 -17.792909790
229.000000000 -18.289891036
228.000000000 -21.026673861
227.000000000 -22.841880551
226.000000000 -25.791999111
225.000000000 -27.163220820
224.000000000 -28.143991406
223.000000000 -30.780929993
222.000000000 -29.692794294
221.000000000 -29.963367614
220.000000000 -31.921835486
219.000000000 -30.917841439
218.000000000 -30.201964990
217.000000000 -29.085297102
216.000000000 -30.575641727
215.000000000 -31.667521072
214.000000000 -30.065644449
213.000000000 -29.371817968
212.000000000 -30.611260967
211.000000000 -29.431367040
210.000000000 -29.906955394
209.000000000 -31.908408608
208.000000000 -30.663784646
207.000000000 -30.036692968
206.000000000 -31.441210751
205.000000000 -28.944879931
204.000000000 -25.630241909
203.000000000 -19.282022522
202.000000000 -16.016267898
201.000000000 -4.965347779
200.000000000 -6.049577816
199.000000000 3.788929408
198.000000000 10.373497196
197.000000000 19.294468738
196.000000000 28.266304130
195.000000000 23.054030217
194.000000000 28.865393932
193.000000000 29.246511846
192.000000000 42.903967103
191.000000000 32.838950499
190.000000000 39.394483609
189.000000000 31.895505403
188.000000000 29.298890475
187.000000000 32.275047623
186.000000000 26.514674021
185.000000000 22.510355065
184.000000000 24.724834101
183.000000000 15.294026581
182.000000000 17.220555032
181.000000000 11.339316593
180.000000000 12.145370796
