Measurement file: 	20240823_SiO2NPs_2024_ILUM (1)
Record no: 	 81
Sample name: 	SiO2NPs_5ml_agua 4


Times (us)	ACF Data
 .5	 .900692284107208
 1	 .907881081104279
 1.5	 .903397560119629
 2	 .900076925754547
 2.5	 .896356463432312
 3	 .893624305725098
 3.5	 .892554759979248
 4	 .889337003231049
 4.5	 .885659635066986
 5.5	 .880925178527832
 6.5	 .875793516635895
 7.5	 .869443118572235
 8.5	 .865573465824127
 9.5	 .8592129945755
 10.5	 .853749811649323
 11.5	 .849086582660675
 12.5	 .84331214427948
 14.5	 .833378553390503
 16.5	 .822416722774506
 18.5	 .811668455600739
 20.5	 .801358878612518
 22.5	 .792563498020172
 24.5	 .782558619976044
 26.5	 .771493554115295
 28.5	 .762249350547791
 32.5	 .744173347949982
 36.5	 .725567042827606
 40.5	 .707797110080719
 44.5	 .689833402633667
 48.5	 .673671782016754
 52.5	 .657377660274506
 56.5	 .64132422208786
 60.5	 .626155257225037
 68.5	 .596399366855621
 76.5	 .568170249462128
 84.5	 .54172557592392
 92.5	 .516631305217743
 100.5	 .492552787065506
 108.5	 .470230281352997
 116.5	 .447668671607971
 124.5	 .427441447973251
 140.5	 .389254152774811
 156.5	 .355241060256958
 172.5	 .323835730552673
 188.5	 .295860439538956
 204.5	 .270373433828354
 220.5	 .24812825024128
 236.5	 .227232679724693
 252.5	 .209180623292923
 284.5	 .176816627383232
 316.5	 .149626418948174
 348.5	 .127013310790062
 380.5	 .108108274638653
 412.5	 9.16918888688087E-02
 444.5	 7.82261937856674E-02
 476.5	 6.68333396315575E-02
 508.5	 5.77459782361984E-02
 572.5	 4.27393317222595E-02
 636.5	 3.17330807447433E-02
 700.5	 2.41573061794043E-02
 764.5	 .018352011218667
 828.5	 .01470697671175
 892.5	 1.17887211963534E-02
 956.5	 9.60103329271078E-03
 1020.5	 7.58115807548165E-03
 1148.5	 4.72236191853881E-03
 1276.5	 3.59860924072564E-03
 1404.5	 3.43127106316388E-03
 1532.5	 1.65416544768959E-03
 1660.5	 2.17828876338899E-03
 1788.5	 4.45858296006918E-03
 1916.5	 6.25346507877111E-03
 2044.5	 5.22271730005741E-03
 2300.5	 2.45537050068378E-03
 2556.5	 3.54422116652131E-03
 2812.5	 4.80968039482832E-03
 3068.5	 1.60928792320192E-03
 3324.5	 0
 3580.5	 0
 3836.5	 7.22167489584535E-04
 4092.5	 0
 4604.5	 0
 5116.5	 0
 5628.5	 4.65266732499003E-03
 6140.5	 5.60983689501882E-03
 6652.5	 3.71572375297546E-03
 7164.5	 1.82115798816085E-03
 7676.5	 2.81711597926915E-03
 8188.5	 .0032004842069
 9212.5	 6.84211205225438E-04
 10236.5	 1.27541297115386E-03
 11260.5	 0
 12284.5	 0
 13308.5	 0
 14332.5	 0
 15356.5	 0
 16380.5	 1.49249227251858E-03
 18428.5	 2.08652764558792E-03
 20476.5	 1.80424784775823E-03
 22524.5	 1.83216424193233E-03
 24572.5	 0
 26620.5	 1.31253758445382E-03
 28668.5	 1.45037181209773E-03
 30716.5	 9.6353521803394E-04
 32764.5	 6.24234846327454E-04
 36860.5	 2.35572597011924E-03
 40956.5	 0
 45052.5	 5.14508283231407E-04
 49148.5	 0
 53244.5	 0
 57340.5	 2.6230770163238E-03
 61436.5	 2.14775605127215E-03
 65532.5	 1.47104053758085E-03
 73724.5	 1.17981689982116E-04
 81916.5	 1.9193917978555E-04
 90108.5	 3.07643145788461E-04
 98300.5	 1.52618391439319E-04
 106492.5	 8.28409800305963E-04
 114684.5	 6.44057698082179E-04
 122876.5	 1.82312971446663E-04
 131068.5	 0
 147452.5	 2.2808724315837E-04
 163836.5	 1.28206273075193E-03
 180220.5	 5.7371478760615E-04
 196604.5	 4.68549551442266E-04
 212988.5	 7.39834795240313E-04
 229372.5	 9.66756488196552E-04
 245756.5	 3.85705097869504E-05
 262140.5	 4.80634305858985E-04
 294908.5	 0
 327676.5	 2.64919683104381E-04
 360444.5	 5.52113633602858E-04
 393212.5	 6.57082651741803E-04
 425980.5	 3.54503776179627E-04
 458748.5	 1.07239648059476E-04
 491516.5	 4.99644258525223E-04
 524284.5	 0
 589820.5	 0
 655356.5	 5.98750266362913E-05
 720892.5	 0
 786428.5	 0
 851964.5	 0
 917500.5	 3.02152126096189E-04
 983036.5	 0
 1048572.5	 9.54890158027411E-04
 1179644.5	 3.39968682965264E-04
 1310716.5	 9.46940097492188E-04
 1441788.5	 1.13791204057634E-03
 1572860.5	 9.10994363948703E-04
 1703932.5	 7.15407833922654E-04
 1835004.5	 2.43627931922674E-04
 1966076.5	 3.86099534807727E-04
 2097148.5	 8.21453984826803E-04
 2359292.5	 0
 2621436.5	 3.94861184759066E-04
 2883580.5	 6.25991262495518E-04
 3145724.5	 0
 3407868.5	 0
 3670012.5	 0
 3932156.5	 0
 4194300.5	 0
 4718588.5	 0
 5242876.5	 0
 5767164.5	 0
 6291452.5	 0
 6815740.5	 0
 7340028.5	 0
 7864316.5	 3.45391890732571E-04
 8388604.5	 2.09513329900801E-03
 9437180	 2.57181376218796E-03
 10485756	 3.38784954510629E-03
 11534332	 3.60157340764999E-03
 12582908	 3.87139269150794E-03
 13631484	 2.92619876563549E-03
 14680060	 4.37003187835217E-03
 15728636	 3.50125203840435E-03
 16777212	 0
 18874364	 0
 20971516	 0
 23068668	 0
 25165820	 0
 27262972	 0
 29360124	 0
 31457276	 0
 33554428	 0
 37748732	 0
 41943036	 0
 46137340	 0
 50331644	 0
 54525948	 0
 58720252	 0
 62914556	 0
