260.000000000 520.407775879
259.000000000 520.407775879
258.000000000 520.407775879
257.000000000 520.407775879
256.000000000 520.407775879
255.000000000 520.407775879
254.000000000 520.407775879
253.000000000 520.407775879
252.000000000 520.407775879
251.000000000 520.407775879
250.000000000 520.407775879
249.000000000 520.407775879
248.000000000 548.541992188
247.000000000 548.541992188
246.000000000 548.541992188
245.000000000 548.541992188
244.000000000 548.541992188
243.000000000 548.541992188
242.000000000 548.541992188
241.000000000 548.541992188
240.000000000 548.541992188
239.000000000 548.541992188
238.000000000 548.541992188
237.000000000 548.541992188
236.000000000 548.541992188
235.000000000 548.541992188
234.000000000 548.541992188
233.000000000 548.541992188
232.000000000 548.541992188
231.000000000 578.836059570
230.000000000 578.836059570
229.000000000 578.836059570
228.000000000 578.836059570
227.000000000 578.836059570
226.000000000 578.836059570
225.000000000 578.836059570
224.000000000 578.836059570
223.000000000 578.836059570
222.000000000 578.836059570
221.000000000 578.836059570
220.000000000 578.836059570
219.000000000 578.836059570
218.000000000 578.836059570
217.000000000 578.836059570
216.000000000 609.725219727
215.000000000 609.725219727
214.000000000 609.725219727
213.000000000 609.725219727
212.000000000 609.725219727
211.000000000 609.725219727
210.000000000 609.725219727
209.000000000 609.725219727
208.000000000 609.725219727
207.000000000 642.223999023
206.000000000 642.223999023
205.000000000 642.223999023
204.000000000 642.223999023
203.000000000 642.223999023
202.000000000 642.223999023
201.000000000 642.223999023
200.000000000 642.223999023
199.000000000 642.223999023
198.000000000 642.223999023
197.000000000 642.223999023
196.000000000 642.223999023
195.000000000 642.223999023
194.000000000 642.223999023
193.000000000 642.223999023
192.000000000 642.223999023
191.000000000 642.223999023
190.000000000 642.223999023
189.000000000 642.223999023
188.000000000 642.223999023
187.000000000 642.223999023
186.000000000 642.223999023
185.000000000 678.340515137
184.000000000 678.340515137
183.000000000 678.340515137
182.000000000 711.951416016
181.000000000 711.951416016
180.000000000 750.372314453
