260.000000000 451.775573730
259.000000000 451.775573730
258.000000000 451.775573730
257.000000000 451.775573730
256.000000000 451.775573730
255.000000000 451.775573730
254.000000000 451.775573730
253.000000000 451.775573730
252.000000000 451.775573730
251.000000000 451.775573730
250.000000000 451.775573730
249.000000000 451.775573730
248.000000000 474.376312256
247.000000000 474.376312256
246.000000000 474.376312256
245.000000000 474.376312256
244.000000000 474.376312256
243.000000000 474.376312256
242.000000000 474.376312256
241.000000000 474.376312256
240.000000000 474.376312256
239.000000000 474.376312256
238.000000000 474.376312256
237.000000000 474.376312256
236.000000000 474.376312256
235.000000000 474.376312256
234.000000000 474.376312256
233.000000000 474.376312256
232.000000000 474.376312256
231.000000000 497.946044922
230.000000000 497.946044922
229.000000000 497.946044922
228.000000000 497.946044922
227.000000000 497.946044922
226.000000000 497.946044922
225.000000000 497.946044922
224.000000000 497.946044922
223.000000000 497.946044922
222.000000000 497.946044922
221.000000000 497.946044922
220.000000000 497.946044922
219.000000000 497.946044922
218.000000000 497.946044922
217.000000000 497.946044922
216.000000000 524.336853027
215.000000000 524.336853027
214.000000000 524.336853027
213.000000000 524.336853027
212.000000000 524.336853027
211.000000000 524.336853027
210.000000000 524.336853027
209.000000000 524.336853027
208.000000000 524.336853027
207.000000000 524.336853027
206.000000000 524.336853027
205.000000000 549.218261719
204.000000000 549.218261719
203.000000000 549.218261719
202.000000000 549.218261719
201.000000000 549.218261719
200.000000000 549.218261719
199.000000000 549.218261719
198.000000000 549.218261719
197.000000000 549.218261719
196.000000000 549.218261719
195.000000000 549.218261719
194.000000000 549.218261719
193.000000000 549.218261719
192.000000000 549.218261719
191.000000000 549.218261719
190.000000000 549.218261719
189.000000000 549.218261719
188.000000000 549.218261719
187.000000000 580.829833984
186.000000000 580.829833984
185.000000000 580.829833984
184.000000000 580.829833984
183.000000000 610.509704590
182.000000000 610.509704590
181.000000000 610.509704590
180.000000000 648.634399414
