260.000000000 451.775573730
259.000000000 451.775573730
258.000000000 451.775573730
257.000000000 451.775573730
256.000000000 451.775573730
255.000000000 451.775573730
254.000000000 451.775573730
253.000000000 451.775573730
252.000000000 451.775573730
251.000000000 451.775573730
250.000000000 451.775573730
249.000000000 451.775573730
248.000000000 473.594940186
247.000000000 473.594940186
246.000000000 473.594940186
245.000000000 473.594940186
244.000000000 473.594940186
243.000000000 473.594940186
242.000000000 473.594940186
241.000000000 473.594940186
240.000000000 473.594940186
239.000000000 473.594940186
238.000000000 473.594940186
237.000000000 473.594940186
236.000000000 473.594940186
235.000000000 473.594940186
234.000000000 473.594940186
233.000000000 473.594940186
232.000000000 473.594940186
231.000000000 473.594940186
230.000000000 497.220153809
229.000000000 497.220153809
228.000000000 497.220153809
227.000000000 497.220153809
226.000000000 497.220153809
225.000000000 497.220153809
224.000000000 497.220153809
223.000000000 497.220153809
222.000000000 497.220153809
221.000000000 497.220153809
220.000000000 497.220153809
219.000000000 497.220153809
218.000000000 522.129638672
217.000000000 522.129638672
216.000000000 522.129638672
215.000000000 522.129638672
214.000000000 522.129638672
213.000000000 522.129638672
212.000000000 522.129638672
211.000000000 522.129638672
210.000000000 522.129638672
209.000000000 522.129638672
208.000000000 522.129638672
207.000000000 522.129638672
206.000000000 522.129638672
205.000000000 551.773864746
204.000000000 551.773864746
203.000000000 551.773864746
202.000000000 551.773864746
201.000000000 551.773864746
200.000000000 551.773864746
199.000000000 551.773864746
198.000000000 551.773864746
197.000000000 551.773864746
196.000000000 551.773864746
195.000000000 551.773864746
194.000000000 551.773864746
193.000000000 551.773864746
192.000000000 551.773864746
191.000000000 551.773864746
190.000000000 551.773864746
189.000000000 579.798217773
188.000000000 579.798217773
187.000000000 579.798217773
186.000000000 579.798217773
185.000000000 579.798217773
184.000000000 579.798217773
183.000000000 579.798217773
182.000000000 619.397644043
181.000000000 619.397644043
180.000000000 619.397644043
