260.000000000 520.407775879
259.000000000 520.407775879
258.000000000 520.407775879
257.000000000 520.407775879
256.000000000 520.407775879
255.000000000 520.407775879
254.000000000 520.407775879
253.000000000 520.407775879
252.000000000 520.407775879
251.000000000 520.407775879
250.000000000 520.407775879
249.000000000 520.407775879
248.000000000 547.816528320
247.000000000 547.816528320
246.000000000 547.816528320
245.000000000 547.816528320
244.000000000 547.816528320
243.000000000 547.816528320
242.000000000 547.816528320
241.000000000 547.816528320
240.000000000 547.816528320
239.000000000 547.816528320
238.000000000 547.816528320
237.000000000 547.816528320
236.000000000 547.816528320
235.000000000 547.816528320
234.000000000 547.816528320
233.000000000 547.816528320
232.000000000 574.889038086
231.000000000 574.889038086
230.000000000 574.889038086
229.000000000 574.889038086
228.000000000 574.889038086
227.000000000 574.889038086
226.000000000 574.889038086
225.000000000 574.889038086
224.000000000 574.889038086
223.000000000 574.889038086
222.000000000 574.889038086
221.000000000 574.889038086
220.000000000 574.889038086
219.000000000 574.889038086
218.000000000 605.765747070
217.000000000 605.765747070
216.000000000 605.765747070
215.000000000 605.765747070
214.000000000 605.765747070
213.000000000 605.765747070
212.000000000 605.765747070
211.000000000 605.765747070
210.000000000 605.765747070
209.000000000 605.765747070
208.000000000 605.765747070
207.000000000 640.846923828
206.000000000 640.846923828
205.000000000 640.846923828
204.000000000 640.846923828
203.000000000 640.846923828
202.000000000 640.846923828
201.000000000 640.846923828
200.000000000 640.846923828
199.000000000 640.846923828
198.000000000 640.846923828
197.000000000 640.846923828
196.000000000 640.846923828
195.000000000 640.846923828
194.000000000 640.846923828
193.000000000 640.846923828
192.000000000 640.846923828
191.000000000 640.846923828
190.000000000 640.846923828
189.000000000 640.846923828
188.000000000 640.846923828
187.000000000 640.846923828
186.000000000 640.846923828
185.000000000 678.463439941
184.000000000 678.463439941
183.000000000 678.463439941
182.000000000 711.403747559
181.000000000 711.403747559
180.000000000 711.403747559
