260.000000000 520.407775879
259.000000000 520.407775879
258.000000000 549.811950684
257.000000000 549.811950684
256.000000000 549.811950684
255.000000000 549.811950684
254.000000000 549.811950684
253.000000000 549.811950684
252.000000000 549.811950684
251.000000000 549.811950684
250.000000000 549.811950684
249.000000000 549.811950684
248.000000000 549.811950684
247.000000000 549.811950684
246.000000000 549.811950684
245.000000000 549.811950684
244.000000000 549.811950684
243.000000000 549.811950684
242.000000000 549.811950684
241.000000000 576.480895996
240.000000000 576.480895996
239.000000000 576.480895996
238.000000000 576.480895996
237.000000000 576.480895996
236.000000000 576.480895996
235.000000000 576.480895996
234.000000000 576.480895996
233.000000000 576.480895996
232.000000000 576.480895996
231.000000000 576.480895996
230.000000000 605.336853027
229.000000000 605.336853027
228.000000000 605.336853027
227.000000000 605.336853027
226.000000000 605.336853027
225.000000000 605.336853027
224.000000000 605.336853027
223.000000000 605.336853027
222.000000000 605.336853027
221.000000000 605.336853027
220.000000000 634.665100098
219.000000000 634.665100098
218.000000000 634.665100098
217.000000000 634.665100098
216.000000000 634.665100098
215.000000000 634.665100098
214.000000000 634.665100098
213.000000000 634.665100098
212.000000000 634.665100098
211.000000000 668.467834473
210.000000000 668.467834473
209.000000000 668.467834473
208.000000000 668.467834473
207.000000000 668.467834473
206.000000000 702.948669434
205.000000000 702.948669434
204.000000000 702.948669434
203.000000000 702.948669434
202.000000000 702.948669434
201.000000000 702.948669434
200.000000000 702.948669434
199.000000000 740.527099609
198.000000000 740.527099609
197.000000000 740.527099609
196.000000000 740.527099609
195.000000000 740.527099609
194.000000000 740.527099609
193.000000000 740.527099609
192.000000000 740.527099609
191.000000000 740.527099609
190.000000000 740.527099609
189.000000000 740.527099609
188.000000000 740.527099609
187.000000000 740.527099609
186.000000000 740.527099609
185.000000000 740.527099609
184.000000000 740.527099609
183.000000000 740.527099609
182.000000000 779.813903809
181.000000000 779.813903809
180.000000000 821.811462402
