260.000000000 520.407775879
259.000000000 547.809875488
258.000000000 547.809875488
257.000000000 547.809875488
256.000000000 547.809875488
255.000000000 547.809875488
254.000000000 547.809875488
253.000000000 547.809875488
252.000000000 547.809875488
251.000000000 547.809875488
250.000000000 547.809875488
249.000000000 547.809875488
248.000000000 547.809875488
247.000000000 547.809875488
246.000000000 547.809875488
245.000000000 547.809875488
244.000000000 547.809875488
243.000000000 547.809875488
242.000000000 547.809875488
241.000000000 575.731018066
240.000000000 575.731018066
239.000000000 575.731018066
238.000000000 575.731018066
237.000000000 575.731018066
236.000000000 575.731018066
235.000000000 575.731018066
234.000000000 575.731018066
233.000000000 575.731018066
232.000000000 575.731018066
231.000000000 575.731018066
230.000000000 606.518798828
229.000000000 606.518798828
228.000000000 606.518798828
227.000000000 606.518798828
226.000000000 606.518798828
225.000000000 606.518798828
224.000000000 606.518798828
223.000000000 606.518798828
222.000000000 606.518798828
221.000000000 606.518798828
220.000000000 606.518798828
219.000000000 636.304504395
218.000000000 636.304504395
217.000000000 636.304504395
216.000000000 636.304504395
215.000000000 636.304504395
214.000000000 636.304504395
213.000000000 636.304504395
212.000000000 636.304504395
211.000000000 668.236572266
210.000000000 668.236572266
209.000000000 668.236572266
208.000000000 668.236572266
207.000000000 668.236572266
206.000000000 668.236572266
205.000000000 710.793823242
204.000000000 710.793823242
203.000000000 710.793823242
202.000000000 710.793823242
201.000000000 710.793823242
200.000000000 710.793823242
199.000000000 710.793823242
198.000000000 710.793823242
197.000000000 710.793823242
196.000000000 749.588256836
195.000000000 749.588256836
194.000000000 749.588256836
193.000000000 749.588256836
192.000000000 749.588256836
191.000000000 749.588256836
190.000000000 749.588256836
189.000000000 749.588256836
188.000000000 749.588256836
187.000000000 749.588256836
186.000000000 749.588256836
185.000000000 749.588256836
184.000000000 749.588256836
183.000000000 749.588256836
182.000000000 749.588256836
181.000000000 802.150634766
180.000000000 802.150634766
