260.000000000 466.880950928
259.000000000 466.880950928
258.000000000 466.880950928
257.000000000 466.880950928
256.000000000 466.880950928
255.000000000 466.880950928
254.000000000 466.880950928
253.000000000 466.880950928
252.000000000 466.880950928
251.000000000 466.880950928
250.000000000 466.880950928
249.000000000 466.880950928
248.000000000 466.880950928
247.000000000 466.880950928
246.000000000 466.880950928
245.000000000 466.880950928
244.000000000 466.880950928
243.000000000 489.904174805
242.000000000 489.904174805
241.000000000 489.904174805
240.000000000 489.904174805
239.000000000 489.904174805
238.000000000 489.904174805
237.000000000 489.904174805
236.000000000 489.904174805
235.000000000 489.904174805
234.000000000 489.904174805
233.000000000 489.904174805
232.000000000 489.904174805
231.000000000 513.106262207
230.000000000 513.106262207
229.000000000 513.106262207
228.000000000 513.106262207
227.000000000 513.106262207
226.000000000 513.106262207
225.000000000 513.106262207
224.000000000 513.106262207
223.000000000 513.106262207
222.000000000 513.106262207
221.000000000 537.567077637
220.000000000 537.567077637
219.000000000 537.567077637
218.000000000 537.567077637
217.000000000 537.567077637
216.000000000 537.567077637
215.000000000 537.567077637
214.000000000 537.567077637
213.000000000 537.567077637
212.000000000 537.567077637
211.000000000 563.421325684
210.000000000 563.421325684
209.000000000 563.421325684
208.000000000 563.421325684
207.000000000 563.421325684
206.000000000 563.421325684
205.000000000 563.421325684
204.000000000 595.069396973
203.000000000 595.069396973
202.000000000 595.069396973
201.000000000 595.069396973
200.000000000 595.069396973
199.000000000 595.069396973
198.000000000 595.069396973
197.000000000 595.069396973
196.000000000 630.656311035
195.000000000 630.656311035
194.000000000 630.656311035
193.000000000 630.656311035
192.000000000 630.656311035
191.000000000 630.656311035
190.000000000 630.656311035
189.000000000 630.656311035
188.000000000 630.656311035
187.000000000 630.656311035
186.000000000 630.656311035
185.000000000 630.656311035
184.000000000 630.656311035
183.000000000 630.656311035
182.000000000 669.826293945
181.000000000 669.826293945
180.000000000 701.319274902
