260.000000000 466.880950928
259.000000000 466.880950928
258.000000000 466.880950928
257.000000000 466.880950928
256.000000000 466.880950928
255.000000000 466.880950928
254.000000000 466.880950928
253.000000000 466.880950928
252.000000000 466.880950928
251.000000000 466.880950928
250.000000000 466.880950928
249.000000000 466.880950928
248.000000000 466.880950928
247.000000000 466.880950928
246.000000000 466.880950928
245.000000000 466.880950928
244.000000000 466.880950928
243.000000000 466.880950928
242.000000000 466.880950928
241.000000000 489.416412354
240.000000000 489.416412354
239.000000000 489.416412354
238.000000000 489.416412354
237.000000000 489.416412354
236.000000000 489.416412354
235.000000000 489.416412354
234.000000000 489.416412354
233.000000000 489.416412354
232.000000000 489.416412354
231.000000000 489.416412354
230.000000000 512.783508301
229.000000000 512.783508301
228.000000000 512.783508301
227.000000000 512.783508301
226.000000000 512.783508301
225.000000000 512.783508301
224.000000000 512.783508301
223.000000000 512.783508301
222.000000000 512.783508301
221.000000000 512.783508301
220.000000000 537.531372070
219.000000000 537.531372070
218.000000000 537.531372070
217.000000000 537.531372070
216.000000000 537.531372070
215.000000000 537.531372070
214.000000000 537.531372070
213.000000000 537.531372070
212.000000000 537.531372070
211.000000000 564.049011230
210.000000000 564.049011230
209.000000000 564.049011230
208.000000000 564.049011230
207.000000000 564.049011230
206.000000000 564.049011230
205.000000000 564.049011230
204.000000000 595.477661133
203.000000000 595.477661133
202.000000000 595.477661133
201.000000000 595.477661133
200.000000000 595.477661133
199.000000000 595.477661133
198.000000000 595.477661133
197.000000000 628.770385742
196.000000000 628.770385742
195.000000000 628.770385742
194.000000000 628.770385742
193.000000000 628.770385742
192.000000000 628.770385742
191.000000000 628.770385742
190.000000000 628.770385742
189.000000000 628.770385742
188.000000000 628.770385742
187.000000000 628.770385742
186.000000000 628.770385742
185.000000000 628.770385742
184.000000000 628.770385742
183.000000000 628.770385742
182.000000000 658.613220215
181.000000000 658.613220215
180.000000000 658.613220215
