260.000000000 466.880950928
259.000000000 466.880950928
258.000000000 466.880950928
257.000000000 466.880950928
256.000000000 466.880950928
255.000000000 466.880950928
254.000000000 466.880950928
253.000000000 466.880950928
252.000000000 466.880950928
251.000000000 466.880950928
250.000000000 466.880950928
249.000000000 466.880950928
248.000000000 466.880950928
247.000000000 466.880950928
246.000000000 466.880950928
245.000000000 466.880950928
244.000000000 466.880950928
243.000000000 466.880950928
242.000000000 466.880950928
241.000000000 488.908172607
240.000000000 488.908172607
239.000000000 488.908172607
238.000000000 488.908172607
237.000000000 488.908172607
236.000000000 488.908172607
235.000000000 488.908172607
234.000000000 488.908172607
233.000000000 488.908172607
232.000000000 488.908172607
231.000000000 488.908172607
230.000000000 513.867187500
229.000000000 513.867187500
228.000000000 513.867187500
227.000000000 513.867187500
226.000000000 513.867187500
225.000000000 513.867187500
224.000000000 513.867187500
223.000000000 513.867187500
222.000000000 513.867187500
221.000000000 513.867187500
220.000000000 513.867187500
219.000000000 539.483703613
218.000000000 539.483703613
217.000000000 539.483703613
216.000000000 539.483703613
215.000000000 539.483703613
214.000000000 539.483703613
213.000000000 539.483703613
212.000000000 539.483703613
211.000000000 566.060180664
210.000000000 566.060180664
209.000000000 566.060180664
208.000000000 566.060180664
207.000000000 566.060180664
206.000000000 566.060180664
205.000000000 594.093627930
204.000000000 594.093627930
203.000000000 594.093627930
202.000000000 594.093627930
201.000000000 594.093627930
200.000000000 594.093627930
199.000000000 594.093627930
198.000000000 623.198974609
197.000000000 623.198974609
196.000000000 623.198974609
195.000000000 623.198974609
194.000000000 623.198974609
193.000000000 623.198974609
192.000000000 623.198974609
191.000000000 623.198974609
190.000000000 623.198974609
189.000000000 623.198974609
188.000000000 623.198974609
187.000000000 623.198974609
186.000000000 623.198974609
185.000000000 623.198974609
184.000000000 623.198974609
183.000000000 662.937988281
182.000000000 662.937988281
181.000000000 662.937988281
180.000000000 662.937988281
