260.000000000 520.407775879
259.000000000 520.407775879
258.000000000 546.245178223
257.000000000 546.245178223
256.000000000 546.245178223
255.000000000 546.245178223
254.000000000 546.245178223
253.000000000 546.245178223
252.000000000 546.245178223
251.000000000 546.245178223
250.000000000 546.245178223
249.000000000 546.245178223
248.000000000 546.245178223
247.000000000 546.245178223
246.000000000 546.245178223
245.000000000 546.245178223
244.000000000 546.245178223
243.000000000 574.045898438
242.000000000 574.045898438
241.000000000 574.045898438
240.000000000 574.045898438
239.000000000 574.045898438
238.000000000 574.045898438
237.000000000 574.045898438
236.000000000 574.045898438
235.000000000 574.045898438
234.000000000 574.045898438
233.000000000 574.045898438
232.000000000 574.045898438
231.000000000 602.021179199
230.000000000 602.021179199
229.000000000 602.021179199
228.000000000 602.021179199
227.000000000 602.021179199
226.000000000 602.021179199
225.000000000 602.021179199
224.000000000 602.021179199
223.000000000 602.021179199
222.000000000 602.021179199
221.000000000 631.739685059
220.000000000 631.739685059
219.000000000 631.739685059
218.000000000 631.739685059
217.000000000 631.739685059
216.000000000 631.739685059
215.000000000 631.739685059
214.000000000 631.739685059
213.000000000 631.739685059
212.000000000 663.945678711
211.000000000 663.945678711
210.000000000 663.945678711
209.000000000 663.945678711
208.000000000 663.945678711
207.000000000 663.945678711
206.000000000 703.276855469
205.000000000 703.276855469
204.000000000 703.276855469
203.000000000 703.276855469
202.000000000 703.276855469
201.000000000 703.276855469
200.000000000 703.276855469
199.000000000 738.943420410
198.000000000 738.943420410
197.000000000 738.943420410
196.000000000 738.943420410
195.000000000 738.943420410
194.000000000 738.943420410
193.000000000 738.943420410
192.000000000 738.943420410
191.000000000 738.943420410
190.000000000 738.943420410
189.000000000 738.943420410
188.000000000 738.943420410
187.000000000 738.943420410
186.000000000 738.943420410
185.000000000 738.943420410
184.000000000 738.943420410
183.000000000 738.943420410
182.000000000 777.708984375
181.000000000 777.708984375
180.000000000 833.041381836
