260.000000000 1.356928729
259.000000000 1.070995758
258.000000000 -0.024757938
257.000000000 -0.425462853
256.000000000 1.867600964
255.000000000 0.823978352
254.000000000 2.063194389
253.000000000 1.599468534
252.000000000 0.017134591
251.000000000 0.866014594
250.000000000 2.057217107
249.000000000 0.881350194
248.000000000 1.958391552
247.000000000 0.399621550
246.000000000 1.927201230
245.000000000 2.082200576
244.000000000 0.914411390
243.000000000 -0.384033284
242.000000000 2.740326440
241.000000000 2.642997188
240.000000000 0.710085613
239.000000000 1.358745427
238.000000000 1.541903609
237.000000000 1.379172420
236.000000000 0.257523021
235.000000000 -1.068013264
234.000000000 -1.871289689
233.000000000 -1.613469476
232.000000000 -1.904807154
231.000000000 -1.841434469
230.000000000 -0.266412256
229.000000000 -3.802396616
228.000000000 -4.865201092
227.000000000 -3.940648096
226.000000000 -4.150788054
225.000000000 -1.770048193
224.000000000 -4.990292989
223.000000000 -4.548558237
222.000000000 -5.693048402
221.000000000 -3.977287006
220.000000000 -5.026359439
219.000000000 -6.129273207
218.000000000 -6.689962729
217.000000000 -3.975797268
216.000000000 -5.802820937
215.000000000 -4.550905152
214.000000000 -3.443905204
213.000000000 -8.091302312
212.000000000 -3.966529337
211.000000000 -3.375828623
210.000000000 -5.338257684
209.000000000 -5.244862137
208.000000000 -2.877134862
207.000000000 -7.195623843
206.000000000 -3.028830441
205.000000000 -5.732212871
204.000000000 -5.087674504
203.000000000 -1.815765124
202.000000000 0.102539552
201.000000000 0.084995655
200.000000000 4.117610154
199.000000000 6.067023598
198.000000000 5.377023203
197.000000000 12.324336117
196.000000000 11.965838168
195.000000000 15.748258008
194.000000000 15.372936130
193.000000000 15.887279970
192.000000000 12.188419858
191.000000000 16.496484280
190.000000000 15.088273513
189.000000000 14.303432411
188.000000000 16.794634835
187.000000000 14.964976236
186.000000000 15.660961423
185.000000000 12.030745892
184.000000000 11.902293801
183.000000000 5.950084380
182.000000000 14.834740904
181.000000000 7.410296567
180.000000000 2.852870326
