260.000000000 0.471483621
259.000000000 -0.189228506
258.000000000 1.758273062
257.000000000 0.615319580
256.000000000 -0.314657007
255.000000000 2.422089937
254.000000000 0.623737926
253.000000000 1.540553623
252.000000000 0.875767850
251.000000000 1.804582172
250.000000000 1.192562343
249.000000000 0.514989890
248.000000000 1.095731103
247.000000000 1.183121777
246.000000000 0.648340786
245.000000000 2.530110488
244.000000000 1.036044023
243.000000000 -0.420325832
242.000000000 1.193254754
241.000000000 1.002060955
240.000000000 0.144152160
239.000000000 -0.505146842
238.000000000 0.480893604
237.000000000 3.220310222
236.000000000 1.265541579
235.000000000 0.283641900
234.000000000 1.272093025
233.000000000 -1.188782052
232.000000000 -1.469519480
231.000000000 -1.220985919
230.000000000 -1.856291429
229.000000000 -2.469426382
228.000000000 -2.781279908
227.000000000 -3.570531297
226.000000000 -4.837790983
225.000000000 -4.767447019
224.000000000 -3.632456234
223.000000000 -4.137521003
222.000000000 -4.624557499
221.000000000 -4.264412062
220.000000000 -5.118285375
219.000000000 -4.052039664
218.000000000 -4.647305426
217.000000000 -3.268967894
216.000000000 -2.355808122
215.000000000 -2.982537524
214.000000000 -6.152262697
213.000000000 -3.343299125
212.000000000 -3.341823698
211.000000000 -6.870148203
210.000000000 -2.651737025
209.000000000 -4.255417369
208.000000000 -8.074018154
207.000000000 -3.179384163
206.000000000 -2.929253632
205.000000000 -1.177335960
204.000000000 -5.604635127
203.000000000 -7.062956744
202.000000000 1.285860065
201.000000000 4.363408097
200.000000000 2.450349546
199.000000000 4.914208125
198.000000000 4.523372972
197.000000000 10.916702150
196.000000000 8.565229911
195.000000000 10.885627101
194.000000000 17.630643228
193.000000000 15.154696783
192.000000000 17.447671624
191.000000000 16.849692754
190.000000000 15.608236379
189.000000000 13.912088773
188.000000000 12.923471303
187.000000000 12.554173498
186.000000000 16.383881032
185.000000000 11.814855564
184.000000000 9.746681288
183.000000000 11.586895591
182.000000000 10.690992858
181.000000000 5.734392558
180.000000000 5.360073930
