260.000000000 0.686224751
259.000000000 1.140590159
258.000000000 -0.048580560
257.000000000 0.462770600
256.000000000 1.176485946
255.000000000 1.178074857
254.000000000 0.141505538
253.000000000 0.066590039
252.000000000 1.128082639
251.000000000 0.731536460
250.000000000 0.914004541
249.000000000 0.209097701
248.000000000 0.711927866
247.000000000 1.953532025
246.000000000 0.380967041
245.000000000 -0.004666726
244.000000000 1.298035808
243.000000000 1.801336475
242.000000000 2.053080098
241.000000000 1.741980427
240.000000000 -0.083150660
239.000000000 -0.415602728
238.000000000 0.037881838
237.000000000 -0.402387098
236.000000000 1.343476309
235.000000000 0.884301155
234.000000000 -0.130456879
233.000000000 -0.413045147
232.000000000 -2.150581072
231.000000000 -3.323628167
230.000000000 -2.363761638
229.000000000 -3.264256556
228.000000000 -3.657998191
227.000000000 -1.665100242
226.000000000 -5.367364724
225.000000000 -5.318728668
224.000000000 -2.893445589
223.000000000 -3.935305282
222.000000000 -5.992543785
221.000000000 -5.242725306
220.000000000 -5.659621173
219.000000000 -5.359175008
218.000000000 -6.151841368
217.000000000 -5.468410148
216.000000000 -6.498746295
215.000000000 -3.299291788
214.000000000 -4.582659364
213.000000000 -5.352027393
212.000000000 -2.240184862
211.000000000 -5.080916841
210.000000000 -3.313360899
209.000000000 -2.729627922
208.000000000 -5.941498109
207.000000000 -1.838178043
206.000000000 -3.777279522
205.000000000 0.615023285
204.000000000 -3.589345226
203.000000000 -1.192129123
202.000000000 -2.136101857
201.000000000 1.747538748
200.000000000 1.671422553
199.000000000 2.959228743
198.000000000 7.374744796
197.000000000 7.683876504
196.000000000 13.243977348
195.000000000 13.133102479
194.000000000 11.166577546
193.000000000 12.200932884
192.000000000 12.369589653
191.000000000 17.069907629
190.000000000 17.172962741
189.000000000 19.719008197
188.000000000 12.967967543
187.000000000 16.377265534
186.000000000 12.834035824
185.000000000 11.556423716
184.000000000 13.723223478
183.000000000 11.082307409
182.000000000 13.649569886
181.000000000 13.636330494
180.000000000 4.373339288
