260.000000000 466.880950928
259.000000000 466.880950928
258.000000000 466.880950928
257.000000000 466.880950928
256.000000000 466.880950928
255.000000000 466.880950928
254.000000000 466.880950928
253.000000000 466.880950928
252.000000000 466.880950928
251.000000000 466.880950928
250.000000000 466.880950928
249.000000000 466.880950928
248.000000000 466.880950928
247.000000000 466.880950928
246.000000000 466.880950928
245.000000000 466.880950928
244.000000000 466.880950928
243.000000000 466.880950928
242.000000000 466.880950928
241.000000000 488.921173096
240.000000000 488.921173096
239.000000000 488.921173096
238.000000000 488.921173096
237.000000000 488.921173096
236.000000000 488.921173096
235.000000000 488.921173096
234.000000000 488.921173096
233.000000000 488.921173096
232.000000000 488.921173096
231.000000000 488.921173096
230.000000000 512.581787109
229.000000000 512.581787109
228.000000000 512.581787109
227.000000000 512.581787109
226.000000000 512.581787109
225.000000000 512.581787109
224.000000000 512.581787109
223.000000000 512.581787109
222.000000000 512.581787109
221.000000000 512.581787109
220.000000000 539.863830566
219.000000000 539.863830566
218.000000000 539.863830566
217.000000000 539.863830566
216.000000000 539.863830566
215.000000000 539.863830566
214.000000000 539.863830566
213.000000000 539.863830566
212.000000000 539.863830566
211.000000000 565.396911621
210.000000000 565.396911621
209.000000000 565.396911621
208.000000000 565.396911621
207.000000000 565.396911621
206.000000000 565.396911621
205.000000000 565.396911621
204.000000000 597.934387207
203.000000000 597.934387207
202.000000000 597.934387207
201.000000000 597.934387207
200.000000000 597.934387207
199.000000000 597.934387207
198.000000000 597.934387207
197.000000000 626.518737793
196.000000000 626.518737793
195.000000000 626.518737793
194.000000000 626.518737793
193.000000000 626.518737793
192.000000000 626.518737793
191.000000000 626.518737793
190.000000000 626.518737793
189.000000000 626.518737793
188.000000000 626.518737793
187.000000000 626.518737793
186.000000000 626.518737793
185.000000000 626.518737793
184.000000000 626.518737793
183.000000000 660.041198730
182.000000000 660.041198730
181.000000000 660.041198730
180.000000000 691.323059082
