260.000000000 466.880950928
259.000000000 466.880950928
258.000000000 466.880950928
257.000000000 466.880950928
256.000000000 466.880950928
255.000000000 466.880950928
254.000000000 466.880950928
253.000000000 466.880950928
252.000000000 466.880950928
251.000000000 466.880950928
250.000000000 466.880950928
249.000000000 466.880950928
248.000000000 466.880950928
247.000000000 466.880950928
246.000000000 466.880950928
245.000000000 466.880950928
244.000000000 466.880950928
243.000000000 489.060577393
242.000000000 489.060577393
241.000000000 489.060577393
240.000000000 489.060577393
239.000000000 489.060577393
238.000000000 489.060577393
237.000000000 489.060577393
236.000000000 489.060577393
235.000000000 489.060577393
234.000000000 489.060577393
233.000000000 489.060577393
232.000000000 489.060577393
231.000000000 513.310852051
230.000000000 513.310852051
229.000000000 513.310852051
228.000000000 513.310852051
227.000000000 513.310852051
226.000000000 513.310852051
225.000000000 513.310852051
224.000000000 513.310852051
223.000000000 513.310852051
222.000000000 513.310852051
221.000000000 513.310852051
220.000000000 537.760437012
219.000000000 537.760437012
218.000000000 537.760437012
217.000000000 537.760437012
216.000000000 537.760437012
215.000000000 537.760437012
214.000000000 537.760437012
213.000000000 537.760437012
212.000000000 537.760437012
211.000000000 563.481018066
210.000000000 563.481018066
209.000000000 563.481018066
208.000000000 563.481018066
207.000000000 563.481018066
206.000000000 563.481018066
205.000000000 563.481018066
204.000000000 592.823181152
203.000000000 592.823181152
202.000000000 592.823181152
201.000000000 592.823181152
200.000000000 592.823181152
199.000000000 592.823181152
198.000000000 620.777832031
197.000000000 620.777832031
196.000000000 620.777832031
195.000000000 620.777832031
194.000000000 620.777832031
193.000000000 620.777832031
192.000000000 620.777832031
191.000000000 620.777832031
190.000000000 620.777832031
189.000000000 620.777832031
188.000000000 620.777832031
187.000000000 620.777832031
186.000000000 650.260620117
185.000000000 650.260620117
184.000000000 650.260620117
183.000000000 650.260620117
182.000000000 650.260620117
181.000000000 681.064697266
180.000000000 681.064697266
