260.000000000 466.880950928
259.000000000 466.880950928
258.000000000 466.880950928
257.000000000 466.880950928
256.000000000 466.880950928
255.000000000 466.880950928
254.000000000 466.880950928
253.000000000 466.880950928
252.000000000 466.880950928
251.000000000 466.880950928
250.000000000 466.880950928
249.000000000 466.880950928
248.000000000 466.880950928
247.000000000 466.880950928
246.000000000 466.880950928
245.000000000 466.880950928
244.000000000 466.880950928
243.000000000 466.880950928
242.000000000 490.973663330
241.000000000 490.973663330
240.000000000 490.973663330
239.000000000 490.973663330
238.000000000 490.973663330
237.000000000 490.973663330
236.000000000 490.973663330
235.000000000 490.973663330
234.000000000 490.973663330
233.000000000 490.973663330
232.000000000 490.973663330
231.000000000 513.983642578
230.000000000 513.983642578
229.000000000 513.983642578
228.000000000 513.983642578
227.000000000 513.983642578
226.000000000 513.983642578
225.000000000 513.983642578
224.000000000 513.983642578
223.000000000 513.983642578
222.000000000 513.983642578
221.000000000 513.983642578
220.000000000 538.708190918
219.000000000 538.708190918
218.000000000 538.708190918
217.000000000 538.708190918
216.000000000 538.708190918
215.000000000 538.708190918
214.000000000 538.708190918
213.000000000 538.708190918
212.000000000 538.708190918
211.000000000 566.138793945
210.000000000 566.138793945
209.000000000 566.138793945
208.000000000 566.138793945
207.000000000 566.138793945
206.000000000 566.138793945
205.000000000 566.138793945
204.000000000 598.208923340
203.000000000 598.208923340
202.000000000 598.208923340
201.000000000 598.208923340
200.000000000 598.208923340
199.000000000 598.208923340
198.000000000 598.208923340
197.000000000 598.208923340
196.000000000 634.500976562
195.000000000 634.500976562
194.000000000 634.500976562
193.000000000 634.500976562
192.000000000 634.500976562
191.000000000 634.500976562
190.000000000 634.500976562
189.000000000 634.500976562
188.000000000 634.500976562
187.000000000 634.500976562
186.000000000 634.500976562
185.000000000 634.500976562
184.000000000 634.500976562
183.000000000 634.500976562
182.000000000 672.605163574
181.000000000 672.605163574
180.000000000 672.605163574
