260.000000000 -0.392532269
259.000000000 1.570615730
258.000000000 0.778769670
257.000000000 1.497788709
256.000000000 0.928281340
255.000000000 0.752773308
254.000000000 1.993236160
253.000000000 -1.285036539
252.000000000 1.635015333
251.000000000 1.738428403
250.000000000 0.644379342
249.000000000 2.370504262
248.000000000 0.572259783
247.000000000 2.061399297
246.000000000 2.573899610
245.000000000 1.857212619
244.000000000 1.097261288
243.000000000 2.088716288
242.000000000 0.731896048
241.000000000 0.938872326
240.000000000 -0.378170975
239.000000000 0.785511382
238.000000000 -0.435801846
237.000000000 0.253832477
236.000000000 1.334959287
235.000000000 -0.627356247
234.000000000 -0.888554352
233.000000000 -0.132108002
232.000000000 -2.190205273
231.000000000 -0.756743647
230.000000000 -2.918782741
229.000000000 -0.488020537
228.000000000 -2.366942916
227.000000000 -5.035409492
226.000000000 -3.441816357
225.000000000 -4.200801061
224.000000000 -6.798536850
223.000000000 -7.050867991
222.000000000 -5.586367881
221.000000000 -4.635172839
220.000000000 -4.613501927
219.000000000 -5.502309445
218.000000000 -4.663714228
217.000000000 -5.565250236
216.000000000 -7.122134693
215.000000000 -4.574887906
214.000000000 -2.107410137
213.000000000 -2.560278822
212.000000000 -5.199449349
211.000000000 -1.290082085
210.000000000 -4.385682450
209.000000000 -3.460838125
208.000000000 -3.418767148
207.000000000 -4.799450511
206.000000000 -0.771104205
205.000000000 -5.077165682
204.000000000 -2.969256405
203.000000000 -0.461439439
202.000000000 3.859248675
201.000000000 1.400237641
200.000000000 -0.411556064
199.000000000 0.788574511
198.000000000 5.459949710
197.000000000 10.870214582
196.000000000 6.287972482
195.000000000 12.932554949
194.000000000 16.014458937
193.000000000 7.816622606
192.000000000 12.542335671
191.000000000 14.576010351
190.000000000 15.365935941
189.000000000 18.242404959
188.000000000 12.091841547
187.000000000 17.057177006
186.000000000 15.309766282
185.000000000 18.499721092
184.000000000 13.408494003
183.000000000 14.805208293
182.000000000 10.327485544
181.000000000 11.111822533
180.000000000 2.005309895
