260.000000000 0.591246646
259.000000000 0.972118712
258.000000000 1.387743835
257.000000000 1.839062743
256.000000000 2.226287156
255.000000000 0.404339832
254.000000000 -0.594112818
253.000000000 0.358235585
252.000000000 0.534766147
251.000000000 2.231028250
250.000000000 0.713296981
249.000000000 1.868661872
248.000000000 0.376130907
247.000000000 3.592982342
246.000000000 2.134430147
245.000000000 -0.224484129
244.000000000 2.404553944
243.000000000 1.424513836
242.000000000 0.814682020
241.000000000 0.283730134
240.000000000 1.128620722
239.000000000 1.699052560
238.000000000 -0.119382445
237.000000000 1.060856998
236.000000000 2.120651788
235.000000000 -2.461498767
234.000000000 0.748374824
233.000000000 -0.341310486
232.000000000 0.143980767
231.000000000 -1.455238935
230.000000000 -0.961014823
229.000000000 -3.477675921
228.000000000 -2.984965327
227.000000000 -2.751034588
226.000000000 -2.863944400
225.000000000 -3.487217629
224.000000000 -4.273853933
223.000000000 -4.879799922
222.000000000 -6.338376594
221.000000000 -6.354957567
220.000000000 -7.034404645
219.000000000 -5.112347119
218.000000000 -4.789669662
217.000000000 -3.403786613
216.000000000 -3.319383740
215.000000000 -6.639476572
214.000000000 -4.480242122
213.000000000 -5.751192780
212.000000000 -4.502920191
211.000000000 -2.192386940
210.000000000 -4.560260301
209.000000000 -4.210979326
208.000000000 -3.276497451
207.000000000 -2.217028141
206.000000000 -4.164924011
205.000000000 -2.282091033
204.000000000 -0.379828449
203.000000000 -0.179147155
202.000000000 -1.219825609
201.000000000 -0.412690809
200.000000000 2.916114935
199.000000000 4.083984375
198.000000000 10.438152427
197.000000000 9.108558134
196.000000000 6.254356592
195.000000000 13.601652547
194.000000000 12.158556386
193.000000000 16.212297532
192.000000000 15.489220868
191.000000000 14.020023087
190.000000000 21.239680930
189.000000000 14.126498268
188.000000000 13.858682832
187.000000000 11.856518374
186.000000000 12.521498392
185.000000000 11.346291838
184.000000000 23.134945962
183.000000000 10.786945755
182.000000000 10.447248789
181.000000000 8.718881659
180.000000000 0.352071214
