260.000000000 -0.147102386
259.000000000 -0.566910765
258.000000000 0.789684604
257.000000000 0.764765543
256.000000000 -0.560671996
255.000000000 0.298130304
254.000000000 -0.286541061
253.000000000 2.451866575
252.000000000 0.554078094
251.000000000 0.671084882
250.000000000 2.351649851
249.000000000 0.826626748
248.000000000 1.344693790
247.000000000 2.207278908
246.000000000 -0.910091512
245.000000000 -0.013196474
244.000000000 0.652454028
243.000000000 2.326271338
242.000000000 1.929879592
241.000000000 1.737782047
240.000000000 1.153807377
239.000000000 2.516451411
238.000000000 0.163037468
237.000000000 0.312453058
236.000000000 1.172317156
235.000000000 -1.924024904
234.000000000 -1.223042792
233.000000000 -1.609752865
232.000000000 0.182422690
231.000000000 -1.600269536
230.000000000 -1.009181602
229.000000000 -1.213635788
228.000000000 -3.965503687
227.000000000 -2.646004689
226.000000000 -4.005161221
225.000000000 -4.997478019
224.000000000 -3.208290645
223.000000000 -2.619036817
222.000000000 -4.652572705
221.000000000 -3.881404377
220.000000000 -5.562590012
219.000000000 -4.735997825
218.000000000 -6.246061922
217.000000000 -2.257847034
216.000000000 -3.057754199
215.000000000 -7.413811782
214.000000000 0.940084551
213.000000000 -3.016953782
212.000000000 -4.296664047
211.000000000 -4.079983825
210.000000000 -6.082683494
209.000000000 -3.272413909
208.000000000 -5.197068702
207.000000000 -3.234258410
206.000000000 -1.861701046
205.000000000 -3.803004223
204.000000000 -2.871033914
203.000000000 -2.759690284
202.000000000 -0.866488164
201.000000000 2.908775553
200.000000000 3.639593593
199.000000000 4.093510511
198.000000000 5.947505939
197.000000000 4.859847486
196.000000000 9.150266703
195.000000000 10.088997189
194.000000000 13.018916016
193.000000000 17.586297188
192.000000000 19.535855105
191.000000000 16.210285507
190.000000000 16.582446012
189.000000000 16.126200804
188.000000000 19.308086037
187.000000000 14.387201214
186.000000000 14.980897857
185.000000000 16.344693503
184.000000000 14.717470880
183.000000000 15.197169424
182.000000000 9.633447249
181.000000000 6.687706418
180.000000000 12.819776836
