260.000000000 661.220031738
259.000000000 661.220031738
258.000000000 661.220031738
257.000000000 661.220031738
256.000000000 661.220031738
255.000000000 661.220031738
254.000000000 661.220031738
253.000000000 661.220031738
252.000000000 661.220031738
251.000000000 661.220031738
250.000000000 661.220031738
249.000000000 694.546020508
248.000000000 694.546020508
247.000000000 694.546020508
246.000000000 694.546020508
245.000000000 694.546020508
244.000000000 694.546020508
243.000000000 694.546020508
242.000000000 694.546020508
241.000000000 694.546020508
240.000000000 694.546020508
239.000000000 694.546020508
238.000000000 694.546020508
237.000000000 694.546020508
236.000000000 694.546020508
235.000000000 694.546020508
234.000000000 694.546020508
233.000000000 694.546020508
232.000000000 728.209594727
231.000000000 728.209594727
230.000000000 728.209594727
229.000000000 728.209594727
228.000000000 728.209594727
227.000000000 728.209594727
226.000000000 728.209594727
225.000000000 728.209594727
224.000000000 728.209594727
223.000000000 728.209594727
222.000000000 728.209594727
221.000000000 728.209594727
220.000000000 728.209594727
219.000000000 728.209594727
218.000000000 728.209594727
217.000000000 762.373901367
216.000000000 762.373901367
215.000000000 762.373901367
214.000000000 762.373901367
213.000000000 762.373901367
212.000000000 762.373901367
211.000000000 762.373901367
210.000000000 762.373901367
209.000000000 762.373901367
208.000000000 762.373901367
207.000000000 762.373901367
206.000000000 762.373901367
205.000000000 804.898742676
204.000000000 804.898742676
203.000000000 804.898742676
202.000000000 804.898742676
201.000000000 804.898742676
200.000000000 804.898742676
199.000000000 804.898742676
198.000000000 804.898742676
197.000000000 804.898742676
196.000000000 804.898742676
195.000000000 804.898742676
194.000000000 804.898742676
193.000000000 804.898742676
192.000000000 804.898742676
191.000000000 804.898742676
190.000000000 804.898742676
189.000000000 804.898742676
188.000000000 804.898742676
187.000000000 804.898742676
186.000000000 804.898742676
185.000000000 804.898742676
184.000000000 804.898742676
183.000000000 804.898742676
182.000000000 843.852722168
181.000000000 843.852722168
180.000000000 843.852722168
