260.000000000 661.220031738
259.000000000 661.220031738
258.000000000 661.220031738
257.000000000 661.220031738
256.000000000 661.220031738
255.000000000 661.220031738
254.000000000 661.220031738
253.000000000 661.220031738
252.000000000 661.220031738
251.000000000 661.220031738
250.000000000 661.220031738
249.000000000 661.220031738
248.000000000 661.220031738
247.000000000 661.220031738
246.000000000 661.220031738
245.000000000 695.469360352
244.000000000 695.469360352
243.000000000 695.469360352
242.000000000 695.469360352
241.000000000 695.469360352
240.000000000 695.469360352
239.000000000 695.469360352
238.000000000 695.469360352
237.000000000 695.469360352
236.000000000 695.469360352
235.000000000 695.469360352
234.000000000 695.469360352
233.000000000 695.469360352
232.000000000 695.469360352
231.000000000 695.469360352
230.000000000 732.407897949
229.000000000 732.407897949
228.000000000 732.407897949
227.000000000 732.407897949
226.000000000 732.407897949
225.000000000 732.407897949
224.000000000 732.407897949
223.000000000 732.407897949
222.000000000 732.407897949
221.000000000 732.407897949
220.000000000 732.407897949
219.000000000 732.407897949
218.000000000 732.407897949
217.000000000 732.407897949
216.000000000 767.489562988
215.000000000 767.489562988
214.000000000 767.489562988
213.000000000 767.489562988
212.000000000 767.489562988
211.000000000 767.489562988
210.000000000 767.489562988
209.000000000 767.489562988
208.000000000 767.489562988
207.000000000 767.489562988
206.000000000 767.489562988
205.000000000 803.686767578
204.000000000 803.686767578
203.000000000 803.686767578
202.000000000 803.686767578
201.000000000 803.686767578
200.000000000 803.686767578
199.000000000 803.686767578
198.000000000 803.686767578
197.000000000 803.686767578
196.000000000 803.686767578
195.000000000 803.686767578
194.000000000 803.686767578
193.000000000 803.686767578
192.000000000 803.686767578
191.000000000 803.686767578
190.000000000 803.686767578
189.000000000 803.686767578
188.000000000 803.686767578
187.000000000 803.686767578
186.000000000 803.686767578
185.000000000 803.686767578
184.000000000 803.686767578
183.000000000 803.686767578
182.000000000 803.686767578
181.000000000 859.620544434
180.000000000 859.620544434
