260.000000000 661.220031738
259.000000000 661.220031738
258.000000000 661.220031738
257.000000000 661.220031738
256.000000000 661.220031738
255.000000000 661.220031738
254.000000000 661.220031738
253.000000000 661.220031738
252.000000000 661.220031738
251.000000000 661.220031738
250.000000000 661.220031738
249.000000000 693.817932129
248.000000000 693.817932129
247.000000000 693.817932129
246.000000000 693.817932129
245.000000000 693.817932129
244.000000000 693.817932129
243.000000000 693.817932129
242.000000000 693.817932129
241.000000000 693.817932129
240.000000000 693.817932129
239.000000000 693.817932129
238.000000000 693.817932129
237.000000000 693.817932129
236.000000000 693.817932129
235.000000000 693.817932129
234.000000000 693.817932129
233.000000000 693.817932129
232.000000000 693.817932129
231.000000000 693.817932129
230.000000000 728.512634277
229.000000000 728.512634277
228.000000000 728.512634277
227.000000000 728.512634277
226.000000000 728.512634277
225.000000000 728.512634277
224.000000000 728.512634277
223.000000000 728.512634277
222.000000000 728.512634277
221.000000000 728.512634277
220.000000000 728.512634277
219.000000000 728.512634277
218.000000000 728.512634277
217.000000000 765.817443848
216.000000000 765.817443848
215.000000000 765.817443848
214.000000000 765.817443848
213.000000000 765.817443848
212.000000000 765.817443848
211.000000000 765.817443848
210.000000000 765.817443848
209.000000000 765.817443848
208.000000000 765.817443848
207.000000000 765.817443848
206.000000000 765.817443848
205.000000000 804.615356445
204.000000000 804.615356445
203.000000000 804.615356445
202.000000000 804.615356445
201.000000000 804.615356445
200.000000000 804.615356445
199.000000000 804.615356445
198.000000000 804.615356445
197.000000000 804.615356445
196.000000000 804.615356445
195.000000000 804.615356445
194.000000000 804.615356445
193.000000000 804.615356445
192.000000000 804.615356445
191.000000000 804.615356445
190.000000000 804.615356445
189.000000000 804.615356445
188.000000000 804.615356445
187.000000000 804.615356445
186.000000000 804.615356445
185.000000000 804.615356445
184.000000000 804.615356445
183.000000000 804.615356445
182.000000000 843.338867188
181.000000000 843.338867188
180.000000000 843.338867188
