260.000000000 -18.034857471
259.000000000 -18.979235359
258.000000000 -13.698642644
257.000000000 -18.259383578
256.000000000 -18.126097602
255.000000000 -15.382993607
254.000000000 -18.023026083
253.000000000 -19.771808628
252.000000000 -13.599832744
251.000000000 -19.520690101
250.000000000 -18.001578893
249.000000000 -22.637308215
248.000000000 -14.150895302
247.000000000 -14.344828013
246.000000000 -15.209367604
245.000000000 -15.857797178
244.000000000 -12.044120225
243.000000000 -17.376163797
242.000000000 -14.479004855
241.000000000 -21.041360394
240.000000000 -20.042359396
239.000000000 -11.704408428
238.000000000 -13.040865520
237.000000000 -15.966253560
236.000000000 -22.577832854
235.000000000 -15.465911020
234.000000000 -16.675066245
233.000000000 -25.279211877
232.000000000 -20.369063092
231.000000000 -16.221245308
230.000000000 -13.408062138
229.000000000 -14.166786453
228.000000000 -27.366120799
227.000000000 -18.375950723
226.000000000 -8.726784136
225.000000000 -12.030132792
224.000000000 -20.008289634
223.000000000 -20.800490661
222.000000000 -15.376633204
221.000000000 -12.725489698
220.000000000 -14.156181237
219.000000000 -24.031798795
218.000000000 -18.525251868
217.000000000 -18.765177641
216.000000000 -22.135850950
215.000000000 -18.304259187
214.000000000 -16.451782281
213.000000000 -5.229063958
212.000000000 -17.054961732
211.000000000 -18.560637111
210.000000000 -14.692641399
209.000000000 -15.056631398
208.000000000 -20.199918570
207.000000000 -20.815424506
206.000000000 -20.587825134
205.000000000 -15.478126051
204.000000000 -15.993873158
203.000000000 -19.756470412
202.000000000 -6.308202179
201.000000000 -12.605391392
200.000000000 -4.624265100
199.000000000 -2.153097381
198.000000000 -0.703294618
197.000000000 -8.378035090
196.000000000 4.098609347
195.000000000 -5.527248225
194.000000000 4.314631400
193.000000000 4.257050288
192.000000000 -0.549664157
191.000000000 1.222046416
190.000000000 8.750554390
189.000000000 0.938225603
188.000000000 9.838058356
187.000000000 15.847583040
186.000000000 10.608209171
185.000000000 5.943439819
184.000000000 4.322734823
183.000000000 -10.482506368
182.000000000 3.993182548
181.000000000 -0.944261916
180.000000000 14.172948646
