260.000000000 -18.221697418
259.000000000 -21.208311940
258.000000000 -17.179797765
257.000000000 -23.520530746
256.000000000 -17.851911014
255.000000000 -23.085300874
254.000000000 -23.948283997
253.000000000 -19.495589868
252.000000000 -12.579481525
251.000000000 -20.684089557
250.000000000 -14.988799910
249.000000000 -9.497101970
248.000000000 -16.886058531
247.000000000 -16.007076358
246.000000000 -12.211921643
245.000000000 -11.062783365
244.000000000 -17.428193563
243.000000000 -13.942953700
242.000000000 -12.449125404
241.000000000 -4.207908643
240.000000000 -18.269867716
239.000000000 -18.977744235
238.000000000 -14.806759065
237.000000000 -11.990418845
236.000000000 -17.646319468
235.000000000 -17.476244491
234.000000000 -13.479263477
233.000000000 -13.297928133
232.000000000 -14.399541191
231.000000000 -21.706716583
230.000000000 -23.520042080
229.000000000 -14.731843253
228.000000000 -16.860840540
227.000000000 -21.238265762
226.000000000 -21.973931936
225.000000000 -19.010279619
224.000000000 -15.047950667
223.000000000 -24.718324599
222.000000000 -15.037270472
221.000000000 -21.754026552
220.000000000 -13.397983888
219.000000000 -13.973731972
218.000000000 -13.488586794
217.000000000 -26.749190531
216.000000000 -22.651137762
215.000000000 -15.495667732
214.000000000 -20.760962234
213.000000000 -19.233918453
212.000000000 -30.912717642
211.000000000 -17.968906935
210.000000000 -15.135503662
209.000000000 -14.591937695
208.000000000 -19.995180710
207.000000000 -20.530574874
206.000000000 -13.913334235
205.000000000 -3.796623393
204.000000000 -20.036033918
203.000000000 -23.617290057
202.000000000 -6.485606999
201.000000000 -5.210422000
200.000000000 -15.556690057
199.000000000 -9.496970519
198.000000000 7.797833558
197.000000000 -17.322044853
196.000000000 -20.204202791
195.000000000 -10.509626560
194.000000000 -3.269208618
193.000000000 3.779143764
192.000000000 3.509707880
191.000000000 -1.329968913
190.000000000 -6.012949637
189.000000000 4.449731387
188.000000000 -6.455997059
187.000000000 21.000894475
186.000000000 15.359086938
185.000000000 -1.127954244
184.000000000 5.037319181
183.000000000 -2.160384896
182.000000000 16.867262192
181.000000000 3.950927595
180.000000000 4.114457813
