260.000000000 -18.053761941
259.000000000 -25.240773629
258.000000000 -13.811861310
257.000000000 -19.677964426
256.000000000 -16.966233192
255.000000000 -20.365367188
254.000000000 -17.422089918
253.000000000 -21.237556400
252.000000000 -14.958311123
251.000000000 -13.780177615
250.000000000 -12.347939845
249.000000000 -18.341045078
248.000000000 -17.221237510
247.000000000 -16.700282806
246.000000000 -9.845667464
245.000000000 -15.973542836
244.000000000 -19.666440032
243.000000000 -13.944111524
242.000000000 -24.290164331
241.000000000 -19.283918995
240.000000000 -17.664607713
239.000000000 -19.239870701
238.000000000 -18.495785403
237.000000000 -15.762325147
236.000000000 -11.555891635
235.000000000 -20.821866743
234.000000000 -18.640978629
233.000000000 -18.305430653
232.000000000 -17.250654735
231.000000000 -22.940642640
230.000000000 -17.124857698
229.000000000 -16.755409712
228.000000000 -22.880996333
227.000000000 -20.728456304
226.000000000 -26.298669093
225.000000000 -19.976204988
224.000000000 -20.959122712
223.000000000 -10.339940928
222.000000000 -13.965782504
221.000000000 -17.570547536
220.000000000 -23.636222826
219.000000000 -21.179905271
218.000000000 -18.208108326
217.000000000 -21.163231603
216.000000000 -25.440778403
215.000000000 -22.615307703
214.000000000 -15.862262072
213.000000000 -24.543446936
212.000000000 -5.479794298
211.000000000 -18.747493470
210.000000000 -8.643739333
209.000000000 -11.671286139
208.000000000 -26.287940139
207.000000000 -9.557144697
206.000000000 -17.326353304
205.000000000 -7.373351429
204.000000000 -31.149220736
203.000000000 -12.252707798
202.000000000 -8.159890550
201.000000000 -3.227969258
200.000000000 -12.178999328
199.000000000 -28.096222473
198.000000000 -1.078935199
197.000000000 -2.238337839
196.000000000 0.322168844
195.000000000 19.102859645
194.000000000 -7.716417772
193.000000000 5.406893604
192.000000000 12.528284813
191.000000000 -0.397912635
190.000000000 9.003629197
189.000000000 7.660805201
188.000000000 10.582773312
187.000000000 5.292994897
186.000000000 15.896317229
185.000000000 -4.070013160
184.000000000 4.586250260
183.000000000 1.902169764
182.000000000 1.684096376
181.000000000 -4.537225628
180.000000000 -7.771292277
