260.000000000 555.694763184
259.000000000 555.694763184
258.000000000 555.694763184
257.000000000 555.694763184
256.000000000 555.694763184
255.000000000 555.694763184
254.000000000 555.694763184
253.000000000 555.694763184
252.000000000 555.694763184
251.000000000 555.694763184
250.000000000 555.694763184
249.000000000 555.694763184
248.000000000 555.694763184
247.000000000 555.694763184
246.000000000 555.694763184
245.000000000 555.694763184
244.000000000 555.694763184
243.000000000 555.694763184
242.000000000 555.694763184
241.000000000 555.694763184
240.000000000 555.694763184
239.000000000 555.694763184
238.000000000 583.943054199
237.000000000 583.943054199
236.000000000 583.943054199
235.000000000 583.943054199
234.000000000 583.943054199
233.000000000 583.943054199
232.000000000 583.943054199
231.000000000 583.943054199
230.000000000 583.943054199
229.000000000 583.943054199
228.000000000 583.943054199
227.000000000 583.943054199
226.000000000 583.943054199
225.000000000 583.943054199
224.000000000 583.943054199
223.000000000 583.943054199
222.000000000 583.943054199
221.000000000 613.027587891
220.000000000 613.027587891
219.000000000 613.027587891
218.000000000 613.027587891
217.000000000 613.027587891
216.000000000 613.027587891
215.000000000 613.027587891
214.000000000 613.027587891
213.000000000 613.027587891
212.000000000 613.027587891
211.000000000 613.027587891
210.000000000 645.811035156
209.000000000 645.811035156
208.000000000 645.811035156
207.000000000 645.811035156
206.000000000 645.811035156
205.000000000 645.811035156
204.000000000 645.811035156
203.000000000 645.811035156
202.000000000 676.167419434
201.000000000 676.167419434
200.000000000 676.167419434
199.000000000 676.167419434
198.000000000 676.167419434
197.000000000 676.167419434
196.000000000 676.167419434
195.000000000 708.789306641
194.000000000 708.789306641
193.000000000 708.789306641
192.000000000 708.789306641
191.000000000 708.789306641
190.000000000 708.789306641
189.000000000 708.789306641
188.000000000 708.789306641
187.000000000 708.789306641
186.000000000 708.789306641
185.000000000 708.789306641
184.000000000 708.789306641
183.000000000 744.155029297
182.000000000 744.155029297
181.000000000 744.155029297
180.000000000 804.334838867
