260.000000000 555.694763184
259.000000000 555.694763184
258.000000000 555.694763184
257.000000000 555.694763184
256.000000000 555.694763184
255.000000000 555.694763184
254.000000000 555.694763184
253.000000000 555.694763184
252.000000000 555.694763184
251.000000000 555.694763184
250.000000000 555.694763184
249.000000000 555.694763184
248.000000000 555.694763184
247.000000000 555.694763184
246.000000000 555.694763184
245.000000000 555.694763184
244.000000000 555.694763184
243.000000000 555.694763184
242.000000000 555.694763184
241.000000000 555.694763184
240.000000000 555.694763184
239.000000000 555.694763184
238.000000000 584.730895996
237.000000000 584.730895996
236.000000000 584.730895996
235.000000000 584.730895996
234.000000000 584.730895996
233.000000000 584.730895996
232.000000000 584.730895996
231.000000000 584.730895996
230.000000000 584.730895996
229.000000000 584.730895996
228.000000000 584.730895996
227.000000000 584.730895996
226.000000000 584.730895996
225.000000000 584.730895996
224.000000000 584.730895996
223.000000000 584.730895996
222.000000000 584.730895996
221.000000000 584.730895996
220.000000000 614.082458496
219.000000000 614.082458496
218.000000000 614.082458496
217.000000000 614.082458496
216.000000000 614.082458496
215.000000000 614.082458496
214.000000000 614.082458496
213.000000000 614.082458496
212.000000000 614.082458496
211.000000000 614.082458496
210.000000000 646.403564453
209.000000000 646.403564453
208.000000000 646.403564453
207.000000000 646.403564453
206.000000000 646.403564453
205.000000000 646.403564453
204.000000000 646.403564453
203.000000000 646.403564453
202.000000000 676.911621094
201.000000000 676.911621094
200.000000000 676.911621094
199.000000000 676.911621094
198.000000000 676.911621094
197.000000000 676.911621094
196.000000000 676.911621094
195.000000000 714.631408691
194.000000000 714.631408691
193.000000000 714.631408691
192.000000000 714.631408691
191.000000000 714.631408691
190.000000000 714.631408691
189.000000000 714.631408691
188.000000000 714.631408691
187.000000000 714.631408691
186.000000000 714.631408691
185.000000000 714.631408691
184.000000000 714.631408691
183.000000000 714.631408691
182.000000000 764.486816406
181.000000000 764.486816406
180.000000000 811.828613281
