260.000000000 555.694763184
259.000000000 555.694763184
258.000000000 555.694763184
257.000000000 555.694763184
256.000000000 555.694763184
255.000000000 555.694763184
254.000000000 555.694763184
253.000000000 555.694763184
252.000000000 555.694763184
251.000000000 555.694763184
250.000000000 555.694763184
249.000000000 555.694763184
248.000000000 555.694763184
247.000000000 555.694763184
246.000000000 555.694763184
245.000000000 555.694763184
244.000000000 555.694763184
243.000000000 555.694763184
242.000000000 555.694763184
241.000000000 555.694763184
240.000000000 555.694763184
239.000000000 555.694763184
238.000000000 555.694763184
237.000000000 585.771240234
236.000000000 585.771240234
235.000000000 585.771240234
234.000000000 585.771240234
233.000000000 585.771240234
232.000000000 585.771240234
231.000000000 585.771240234
230.000000000 585.771240234
229.000000000 585.771240234
228.000000000 585.771240234
227.000000000 585.771240234
226.000000000 585.771240234
225.000000000 585.771240234
224.000000000 585.771240234
223.000000000 585.771240234
222.000000000 585.771240234
221.000000000 616.181640625
220.000000000 616.181640625
219.000000000 616.181640625
218.000000000 616.181640625
217.000000000 616.181640625
216.000000000 616.181640625
215.000000000 616.181640625
214.000000000 616.181640625
213.000000000 616.181640625
212.000000000 616.181640625
211.000000000 616.181640625
210.000000000 616.181640625
209.000000000 645.009521484
208.000000000 645.009521484
207.000000000 645.009521484
206.000000000 645.009521484
205.000000000 645.009521484
204.000000000 645.009521484
203.000000000 645.009521484
202.000000000 679.221679688
201.000000000 679.221679688
200.000000000 679.221679688
199.000000000 679.221679688
198.000000000 679.221679688
197.000000000 679.221679688
196.000000000 679.221679688
195.000000000 713.664428711
194.000000000 713.664428711
193.000000000 713.664428711
192.000000000 713.664428711
191.000000000 713.664428711
190.000000000 713.664428711
189.000000000 713.664428711
188.000000000 713.664428711
187.000000000 713.664428711
186.000000000 713.664428711
185.000000000 713.664428711
184.000000000 713.664428711
183.000000000 747.624450684
182.000000000 747.624450684
181.000000000 747.624450684
180.000000000 805.405700684
