260.000000000 3.858242306
259.000000000 1.786442284
258.000000000 4.091861844
257.000000000 2.911383260
256.000000000 2.828906943
255.000000000 1.655345788
254.000000000 4.476501199
253.000000000 2.586699975
252.000000000 3.173548159
251.000000000 4.289097847
250.000000000 4.284962433
249.000000000 0.066166916
248.000000000 5.358860875
247.000000000 3.762744927
246.000000000 5.589196084
245.000000000 3.293925133
244.000000000 5.072283041
243.000000000 5.457642299
242.000000000 2.631124069
241.000000000 5.593599150
240.000000000 3.100704428
239.000000000 4.180976320
238.000000000 1.291725080
237.000000000 3.646129318
236.000000000 1.147096761
235.000000000 3.078100681
234.000000000 1.945799522
233.000000000 3.145635777
232.000000000 1.105607642
231.000000000 -4.088810081
230.000000000 -1.716980295
229.000000000 1.177519662
228.000000000 -0.974912335
227.000000000 -1.583465981
226.000000000 -3.332636577
225.000000000 -1.543149075
224.000000000 -1.000304497
223.000000000 1.035755847
222.000000000 -1.469149703
221.000000000 -0.196375910
220.000000000 -0.265301419
219.000000000 3.729424390
218.000000000 -2.097693701
217.000000000 2.273978970
216.000000000 2.668188638
215.000000000 4.930691351
214.000000000 -1.744113954
213.000000000 3.156612368
212.000000000 4.220727647
211.000000000 4.416243812
210.000000000 3.101874792
209.000000000 -3.755732627
208.000000000 2.237121472
207.000000000 3.594493923
206.000000000 -4.710061623
205.000000000 7.351816295
204.000000000 2.493557122
203.000000000 -1.027302613
202.000000000 1.783925090
201.000000000 6.083696893
200.000000000 10.349608714
199.000000000 11.256566761
198.000000000 14.476946381
197.000000000 11.374543255
196.000000000 23.130794517
195.000000000 19.033780197
194.000000000 26.683543182
193.000000000 22.314079047
192.000000000 22.156386993
191.000000000 25.586900215
190.000000000 21.470222099
189.000000000 33.177048368
188.000000000 30.407529103
187.000000000 22.407612593
186.000000000 22.839138317
185.000000000 29.255007800
184.000000000 18.754748360
183.000000000 25.814383447
182.000000000 23.530145005
181.000000000 24.912945544
180.000000000 23.612394706
