260.000000000 3.847779116
259.000000000 3.901223143
258.000000000 1.646868839
257.000000000 1.785432332
256.000000000 2.840515340
255.000000000 2.960338257
254.000000000 4.505294231
253.000000000 3.656304358
252.000000000 2.662483173
251.000000000 1.820789203
250.000000000 6.102466185
249.000000000 4.597605050
248.000000000 2.491191461
247.000000000 4.572934297
246.000000000 6.575239362
245.000000000 2.357707364
244.000000000 5.621722635
243.000000000 7.622858191
242.000000000 4.845639928
241.000000000 4.165744026
240.000000000 7.423669281
239.000000000 3.500797172
238.000000000 2.206931537
237.000000000 3.574473386
236.000000000 1.141387271
235.000000000 4.685069767
234.000000000 0.857197204
233.000000000 2.246951199
232.000000000 -0.051719165
231.000000000 0.261256413
230.000000000 0.290908042
229.000000000 -1.213183317
228.000000000 1.928357972
227.000000000 -0.405068944
226.000000000 0.142270783
225.000000000 -2.132665462
224.000000000 0.871349565
223.000000000 -0.588512938
222.000000000 -0.638421688
221.000000000 -3.762698273
220.000000000 0.847698183
219.000000000 -1.571040214
218.000000000 0.236384228
217.000000000 -1.742742722
216.000000000 2.805192179
215.000000000 2.632223187
214.000000000 -1.709088872
213.000000000 1.486186054
212.000000000 3.003718084
211.000000000 0.358949525
210.000000000 0.214286907
209.000000000 -5.005335255
208.000000000 3.983553062
207.000000000 4.816609550
206.000000000 0.386218478
205.000000000 1.433610902
204.000000000 2.853051288
203.000000000 -0.193016626
202.000000000 6.322559623
201.000000000 10.829199797
200.000000000 4.330043898
199.000000000 5.910031443
198.000000000 9.637943542
197.000000000 19.668760652
196.000000000 18.687306201
195.000000000 20.881800613
194.000000000 21.467144657
193.000000000 26.789899856
192.000000000 32.576557277
191.000000000 30.620712408
190.000000000 18.336466842
189.000000000 21.566884555
188.000000000 26.474509143
187.000000000 28.865629787
186.000000000 25.072456597
185.000000000 29.550462454
184.000000000 27.809687980
183.000000000 31.403709899
182.000000000 16.347934283
181.000000000 25.180780676
180.000000000 25.019544246
