260.000000000 3.106559327
259.000000000 4.292243429
258.000000000 3.054789875
257.000000000 5.177040635
256.000000000 5.668516357
255.000000000 4.816116647
254.000000000 0.946823986
253.000000000 2.941386139
252.000000000 4.202928299
251.000000000 3.682962252
250.000000000 4.236505792
249.000000000 5.124717368
248.000000000 6.771501485
247.000000000 4.487742488
246.000000000 2.828385665
245.000000000 3.624641301
244.000000000 5.309587723
243.000000000 4.559693383
242.000000000 5.790554832
241.000000000 5.620354171
240.000000000 3.222996621
239.000000000 6.222804521
238.000000000 4.957395479
237.000000000 3.423380331
236.000000000 2.924420095
235.000000000 -0.157804890
234.000000000 0.106063370
233.000000000 2.558567396
232.000000000 5.373709615
231.000000000 1.051852359
230.000000000 2.313960029
229.000000000 -0.517019402
228.000000000 -2.445137353
227.000000000 -0.192977866
226.000000000 -0.368995872
225.000000000 -2.427698137
224.000000000 -2.365933530
223.000000000 1.842506030
222.000000000 -3.895045519
221.000000000 -2.713528422
220.000000000 -1.547330189
219.000000000 -0.566599260
218.000000000 4.929728496
217.000000000 2.768473404
216.000000000 2.527153521
215.000000000 -2.563460235
214.000000000 -3.600110689
213.000000000 -0.453903035
212.000000000 -0.127244232
211.000000000 3.346617903
210.000000000 -2.751219729
209.000000000 -1.977530896
208.000000000 -0.835776087
207.000000000 2.676311666
206.000000000 4.014663691
205.000000000 2.648186227
204.000000000 4.335173270
203.000000000 1.304216525
202.000000000 -1.124031140
201.000000000 10.792441319
200.000000000 11.743037096
199.000000000 12.228242370
198.000000000 15.671683242
197.000000000 17.587465722
196.000000000 23.837824663
195.000000000 19.751376720
194.000000000 28.883925163
193.000000000 17.783683872
192.000000000 29.072321897
191.000000000 29.588198561
190.000000000 24.064836078
189.000000000 29.793969000
188.000000000 30.891068380
187.000000000 30.799215016
186.000000000 22.126912881
185.000000000 21.727850238
184.000000000 32.557460023
183.000000000 31.727257126
182.000000000 25.598795391
181.000000000 15.314474053
180.000000000 23.914474689
