260.000000000 463.364227295
259.000000000 463.364227295
258.000000000 463.364227295
257.000000000 463.364227295
256.000000000 463.364227295
255.000000000 463.364227295
254.000000000 463.364227295
253.000000000 463.364227295
252.000000000 463.364227295
251.000000000 463.364227295
250.000000000 463.364227295
249.000000000 463.364227295
248.000000000 463.364227295
247.000000000 463.364227295
246.000000000 486.295654297
245.000000000 486.295654297
244.000000000 486.295654297
243.000000000 486.295654297
242.000000000 486.295654297
241.000000000 486.295654297
240.000000000 486.295654297
239.000000000 486.295654297
238.000000000 486.295654297
237.000000000 486.295654297
236.000000000 486.295654297
235.000000000 486.295654297
234.000000000 486.295654297
233.000000000 486.295654297
232.000000000 486.295654297
231.000000000 486.295654297
230.000000000 486.295654297
229.000000000 509.258392334
228.000000000 509.258392334
227.000000000 509.258392334
226.000000000 509.258392334
225.000000000 509.258392334
224.000000000 509.258392334
223.000000000 509.258392334
222.000000000 509.258392334
221.000000000 509.258392334
220.000000000 509.258392334
219.000000000 509.258392334
218.000000000 509.258392334
217.000000000 533.698913574
216.000000000 533.698913574
215.000000000 533.698913574
214.000000000 533.698913574
213.000000000 533.698913574
212.000000000 533.698913574
211.000000000 533.698913574
210.000000000 533.698913574
209.000000000 533.698913574
208.000000000 533.698913574
207.000000000 561.175292969
206.000000000 561.175292969
205.000000000 561.175292969
204.000000000 561.175292969
203.000000000 561.175292969
202.000000000 561.175292969
201.000000000 561.175292969
200.000000000 561.175292969
199.000000000 561.175292969
198.000000000 561.175292969
197.000000000 561.175292969
196.000000000 561.175292969
195.000000000 561.175292969
194.000000000 561.175292969
193.000000000 561.175292969
192.000000000 561.175292969
191.000000000 561.175292969
190.000000000 592.862121582
189.000000000 592.862121582
188.000000000 592.862121582
187.000000000 592.862121582
186.000000000 592.862121582
185.000000000 592.862121582
184.000000000 592.862121582
183.000000000 592.862121582
182.000000000 636.598449707
181.000000000 636.598449707
180.000000000 636.598449707
