260.000000000 463.364227295
259.000000000 463.364227295
258.000000000 463.364227295
257.000000000 463.364227295
256.000000000 463.364227295
255.000000000 463.364227295
254.000000000 463.364227295
253.000000000 463.364227295
252.000000000 463.364227295
251.000000000 463.364227295
250.000000000 463.364227295
249.000000000 463.364227295
248.000000000 463.364227295
247.000000000 463.364227295
246.000000000 463.364227295
245.000000000 463.364227295
244.000000000 463.364227295
243.000000000 485.151550293
242.000000000 485.151550293
241.000000000 485.151550293
240.000000000 485.151550293
239.000000000 485.151550293
238.000000000 485.151550293
237.000000000 485.151550293
236.000000000 485.151550293
235.000000000 485.151550293
234.000000000 485.151550293
233.000000000 485.151550293
232.000000000 485.151550293
231.000000000 485.151550293
230.000000000 509.432830811
229.000000000 509.432830811
228.000000000 509.432830811
227.000000000 509.432830811
226.000000000 509.432830811
225.000000000 509.432830811
224.000000000 509.432830811
223.000000000 509.432830811
222.000000000 509.432830811
221.000000000 509.432830811
220.000000000 509.432830811
219.000000000 509.432830811
218.000000000 509.432830811
217.000000000 509.432830811
216.000000000 538.063842773
215.000000000 538.063842773
214.000000000 538.063842773
213.000000000 538.063842773
212.000000000 538.063842773
211.000000000 538.063842773
210.000000000 538.063842773
209.000000000 538.063842773
208.000000000 538.063842773
207.000000000 538.063842773
206.000000000 538.063842773
205.000000000 567.419860840
204.000000000 567.419860840
203.000000000 567.419860840
202.000000000 567.419860840
201.000000000 567.419860840
200.000000000 567.419860840
199.000000000 567.419860840
198.000000000 567.419860840
197.000000000 567.419860840
196.000000000 567.419860840
195.000000000 567.419860840
194.000000000 567.419860840
193.000000000 567.419860840
192.000000000 567.419860840
191.000000000 567.419860840
190.000000000 594.142089844
189.000000000 594.142089844
188.000000000 594.142089844
187.000000000 594.142089844
186.000000000 594.142089844
185.000000000 594.142089844
184.000000000 594.142089844
183.000000000 627.654357910
182.000000000 627.654357910
181.000000000 627.654357910
180.000000000 627.654357910
