260.000000000 463.364227295
259.000000000 463.364227295
258.000000000 463.364227295
257.000000000 463.364227295
256.000000000 463.364227295
255.000000000 463.364227295
254.000000000 463.364227295
253.000000000 463.364227295
252.000000000 463.364227295
251.000000000 463.364227295
250.000000000 463.364227295
249.000000000 463.364227295
248.000000000 463.364227295
247.000000000 463.364227295
246.000000000 463.364227295
245.000000000 463.364227295
244.000000000 488.605621338
243.000000000 488.605621338
242.000000000 488.605621338
241.000000000 488.605621338
240.000000000 488.605621338
239.000000000 488.605621338
238.000000000 488.605621338
237.000000000 488.605621338
236.000000000 488.605621338
235.000000000 488.605621338
234.000000000 488.605621338
233.000000000 488.605621338
232.000000000 488.605621338
231.000000000 488.605621338
230.000000000 488.605621338
229.000000000 488.605621338
228.000000000 488.605621338
227.000000000 513.482055664
226.000000000 513.482055664
225.000000000 513.482055664
224.000000000 513.482055664
223.000000000 513.482055664
222.000000000 513.482055664
221.000000000 513.482055664
220.000000000 513.482055664
219.000000000 513.482055664
218.000000000 513.482055664
217.000000000 513.482055664
216.000000000 538.381225586
215.000000000 538.381225586
214.000000000 538.381225586
213.000000000 538.381225586
212.000000000 538.381225586
211.000000000 538.381225586
210.000000000 538.381225586
209.000000000 538.381225586
208.000000000 538.381225586
207.000000000 538.381225586
206.000000000 538.381225586
205.000000000 566.740295410
204.000000000 566.740295410
203.000000000 566.740295410
202.000000000 566.740295410
201.000000000 566.740295410
200.000000000 566.740295410
199.000000000 566.740295410
198.000000000 566.740295410
197.000000000 566.740295410
196.000000000 566.740295410
195.000000000 566.740295410
194.000000000 566.740295410
193.000000000 566.740295410
192.000000000 566.740295410
191.000000000 566.740295410
190.000000000 595.023315430
189.000000000 595.023315430
188.000000000 595.023315430
187.000000000 595.023315430
186.000000000 595.023315430
185.000000000 595.023315430
184.000000000 595.023315430
183.000000000 595.023315430
182.000000000 595.023315430
181.000000000 631.786987305
180.000000000 631.786987305
