260.000000000 520.407775879
259.000000000 520.407775879
258.000000000 520.407775879
257.000000000 520.407775879
256.000000000 520.407775879
255.000000000 520.407775879
254.000000000 520.407775879
253.000000000 520.407775879
252.000000000 520.407775879
251.000000000 520.407775879
250.000000000 520.407775879
249.000000000 520.407775879
248.000000000 520.407775879
247.000000000 520.407775879
246.000000000 520.407775879
245.000000000 520.407775879
244.000000000 548.478210449
243.000000000 548.478210449
242.000000000 548.478210449
241.000000000 548.478210449
240.000000000 548.478210449
239.000000000 548.478210449
238.000000000 548.478210449
237.000000000 548.478210449
236.000000000 548.478210449
235.000000000 548.478210449
234.000000000 548.478210449
233.000000000 548.478210449
232.000000000 548.478210449
231.000000000 575.855651855
230.000000000 575.855651855
229.000000000 575.855651855
228.000000000 575.855651855
227.000000000 575.855651855
226.000000000 575.855651855
225.000000000 575.855651855
224.000000000 575.855651855
223.000000000 575.855651855
222.000000000 575.855651855
221.000000000 575.855651855
220.000000000 575.855651855
219.000000000 575.855651855
218.000000000 575.855651855
217.000000000 575.855651855
216.000000000 607.607116699
215.000000000 607.607116699
214.000000000 607.607116699
213.000000000 607.607116699
212.000000000 607.607116699
211.000000000 607.607116699
210.000000000 607.607116699
209.000000000 607.607116699
208.000000000 607.607116699
207.000000000 639.236694336
206.000000000 639.236694336
205.000000000 639.236694336
204.000000000 639.236694336
203.000000000 639.236694336
202.000000000 639.236694336
201.000000000 639.236694336
200.000000000 639.236694336
199.000000000 639.236694336
198.000000000 639.236694336
197.000000000 639.236694336
196.000000000 639.236694336
195.000000000 639.236694336
194.000000000 639.236694336
193.000000000 639.236694336
192.000000000 639.236694336
191.000000000 639.236694336
190.000000000 639.236694336
189.000000000 639.236694336
188.000000000 639.236694336
187.000000000 639.236694336
186.000000000 639.236694336
185.000000000 675.893798828
184.000000000 675.893798828
183.000000000 675.893798828
182.000000000 675.893798828
181.000000000 710.642578125
180.000000000 710.642578125
