260.000000000 520.407775879
259.000000000 520.407775879
258.000000000 520.407775879
257.000000000 520.407775879
256.000000000 520.407775879
255.000000000 520.407775879
254.000000000 520.407775879
253.000000000 520.407775879
252.000000000 520.407775879
251.000000000 520.407775879
250.000000000 520.407775879
249.000000000 520.407775879
248.000000000 520.407775879
247.000000000 520.407775879
246.000000000 520.407775879
245.000000000 520.407775879
244.000000000 520.407775879
243.000000000 545.677612305
242.000000000 545.677612305
241.000000000 545.677612305
240.000000000 545.677612305
239.000000000 545.677612305
238.000000000 545.677612305
237.000000000 545.677612305
236.000000000 545.677612305
235.000000000 545.677612305
234.000000000 545.677612305
233.000000000 545.677612305
232.000000000 545.677612305
231.000000000 545.677612305
230.000000000 575.214965820
229.000000000 575.214965820
228.000000000 575.214965820
227.000000000 575.214965820
226.000000000 575.214965820
225.000000000 575.214965820
224.000000000 575.214965820
223.000000000 575.214965820
222.000000000 575.214965820
221.000000000 575.214965820
220.000000000 575.214965820
219.000000000 575.214965820
218.000000000 575.214965820
217.000000000 575.214965820
216.000000000 607.751281738
215.000000000 607.751281738
214.000000000 607.751281738
213.000000000 607.751281738
212.000000000 607.751281738
211.000000000 607.751281738
210.000000000 607.751281738
209.000000000 607.751281738
208.000000000 607.751281738
207.000000000 607.751281738
206.000000000 641.140930176
205.000000000 641.140930176
204.000000000 641.140930176
203.000000000 641.140930176
202.000000000 641.140930176
201.000000000 641.140930176
200.000000000 641.140930176
199.000000000 641.140930176
198.000000000 641.140930176
197.000000000 641.140930176
196.000000000 641.140930176
195.000000000 641.140930176
194.000000000 641.140930176
193.000000000 641.140930176
192.000000000 641.140930176
191.000000000 641.140930176
190.000000000 641.140930176
189.000000000 641.140930176
188.000000000 641.140930176
187.000000000 641.140930176
186.000000000 641.140930176
185.000000000 641.140930176
184.000000000 641.140930176
183.000000000 695.770507812
182.000000000 695.770507812
181.000000000 695.770507812
180.000000000 695.770507812
