260.000000000 520.407775879
259.000000000 520.407775879
258.000000000 520.407775879
257.000000000 520.407775879
256.000000000 520.407775879
255.000000000 520.407775879
254.000000000 520.407775879
253.000000000 520.407775879
252.000000000 520.407775879
251.000000000 520.407775879
250.000000000 520.407775879
249.000000000 520.407775879
248.000000000 520.407775879
247.000000000 520.407775879
246.000000000 520.407775879
245.000000000 547.464050293
244.000000000 547.464050293
243.000000000 547.464050293
242.000000000 547.464050293
241.000000000 547.464050293
240.000000000 547.464050293
239.000000000 547.464050293
238.000000000 547.464050293
237.000000000 547.464050293
236.000000000 547.464050293
235.000000000 547.464050293
234.000000000 547.464050293
233.000000000 547.464050293
232.000000000 547.464050293
231.000000000 547.464050293
230.000000000 575.090026855
229.000000000 575.090026855
228.000000000 575.090026855
227.000000000 575.090026855
226.000000000 575.090026855
225.000000000 575.090026855
224.000000000 575.090026855
223.000000000 575.090026855
222.000000000 575.090026855
221.000000000 575.090026855
220.000000000 575.090026855
219.000000000 575.090026855
218.000000000 575.090026855
217.000000000 575.090026855
216.000000000 607.439331055
215.000000000 607.439331055
214.000000000 607.439331055
213.000000000 607.439331055
212.000000000 607.439331055
211.000000000 607.439331055
210.000000000 607.439331055
209.000000000 607.439331055
208.000000000 607.439331055
207.000000000 640.819763184
206.000000000 640.819763184
205.000000000 640.819763184
204.000000000 640.819763184
203.000000000 640.819763184
202.000000000 640.819763184
201.000000000 640.819763184
200.000000000 640.819763184
199.000000000 640.819763184
198.000000000 640.819763184
197.000000000 640.819763184
196.000000000 640.819763184
195.000000000 640.819763184
194.000000000 640.819763184
193.000000000 640.819763184
192.000000000 640.819763184
191.000000000 640.819763184
190.000000000 640.819763184
189.000000000 640.819763184
188.000000000 640.819763184
187.000000000 640.819763184
186.000000000 640.819763184
185.000000000 640.819763184
184.000000000 675.198120117
183.000000000 675.198120117
182.000000000 709.773132324
181.000000000 709.773132324
180.000000000 709.773132324
