260.000000000 -0.082965932
259.000000000 1.460979044
258.000000000 0.692927438
257.000000000 1.183527871
256.000000000 -0.066197458
255.000000000 1.036810766
254.000000000 0.779795496
253.000000000 0.431118557
252.000000000 0.860034929
251.000000000 -0.072089697
250.000000000 0.717960219
249.000000000 2.184065115
248.000000000 0.475925533
247.000000000 1.661335442
246.000000000 0.787969664
245.000000000 1.299702517
244.000000000 0.684864358
243.000000000 1.596035422
242.000000000 1.841616644
241.000000000 1.289350763
240.000000000 -0.426703569
239.000000000 0.894321817
238.000000000 1.265987831
237.000000000 2.198027033
236.000000000 1.542438799
235.000000000 1.430019833
234.000000000 2.281047222
233.000000000 2.259675199
232.000000000 2.219702615
231.000000000 1.799236694
230.000000000 1.445940205
229.000000000 1.467974396
228.000000000 2.291069527
227.000000000 1.291113598
226.000000000 2.262613700
225.000000000 2.098477779
224.000000000 2.147828533
223.000000000 2.948561223
222.000000000 2.708082203
221.000000000 1.490176361
220.000000000 1.538876672
219.000000000 3.370287728
218.000000000 0.286865949
217.000000000 3.368263254
216.000000000 2.284425519
215.000000000 2.461072707
214.000000000 2.889713636
213.000000000 2.902131788
212.000000000 2.362269310
211.000000000 2.708541796
210.000000000 1.782103891
209.000000000 1.977944198
208.000000000 4.288248178
207.000000000 0.695154086
206.000000000 3.453914717
205.000000000 3.079069425
204.000000000 5.608531562
203.000000000 0.778985478
202.000000000 4.428518216
201.000000000 3.343643384
200.000000000 3.668561560
199.000000000 4.493530272
198.000000000 3.824865041
197.000000000 3.157168048
196.000000000 6.081896663
195.000000000 4.940435311
194.000000000 4.532204193
193.000000000 3.565677121
192.000000000 0.844774128
191.000000000 3.767236871
190.000000000 2.922240800
189.000000000 1.546236993
188.000000000 4.805793101
187.000000000 3.309171490
186.000000000 3.770896036
185.000000000 1.283615876
184.000000000 1.927499949
183.000000000 -2.748197074
182.000000000 -0.595799863
181.000000000 -0.902917358
180.000000000 -0.093999314
