260.000000000 0.357994492
259.000000000 0.816795091
258.000000000 1.209273993
257.000000000 1.641203678
256.000000000 0.065385069
255.000000000 2.273127489
254.000000000 1.745594919
253.000000000 1.163411283
252.000000000 1.708517959
251.000000000 1.911107263
250.000000000 0.731835601
249.000000000 1.411218524
248.000000000 0.173444741
247.000000000 1.133775614
246.000000000 1.754193797
245.000000000 -0.321487378
244.000000000 2.045981173
243.000000000 0.744226788
242.000000000 0.944533558
241.000000000 0.278429220
240.000000000 2.174570382
239.000000000 2.433093748
238.000000000 1.230664368
237.000000000 1.320945540
236.000000000 1.563014397
235.000000000 2.755409456
234.000000000 2.445646660
233.000000000 -0.030018156
232.000000000 0.540137568
231.000000000 2.265839110
230.000000000 2.231946618
229.000000000 1.394691423
228.000000000 0.929419282
227.000000000 3.008993837
226.000000000 0.885576970
225.000000000 1.524162365
224.000000000 3.038430375
223.000000000 2.108899114
222.000000000 3.267356953
221.000000000 2.471157758
220.000000000 5.664505609
219.000000000 2.462207663
218.000000000 1.513262326
217.000000000 -0.059279479
216.000000000 3.906741536
215.000000000 3.851963192
214.000000000 4.434586970
213.000000000 3.269874185
212.000000000 2.413436238
211.000000000 1.397908045
210.000000000 4.815844127
209.000000000 4.051850337
208.000000000 1.482559265
207.000000000 3.209813512
206.000000000 2.510368517
205.000000000 2.018521424
204.000000000 4.428504369
203.000000000 2.405881901
202.000000000 5.088177001
201.000000000 2.854165426
200.000000000 5.385298588
199.000000000 3.705183741
198.000000000 1.738722491
197.000000000 6.006421143
196.000000000 2.757287179
195.000000000 1.616601869
194.000000000 0.388891121
193.000000000 3.705398663
192.000000000 3.446252886
191.000000000 4.702540623
190.000000000 0.441285865
189.000000000 3.429690015
188.000000000 2.189387196
187.000000000 1.826251741
186.000000000 0.584607395
185.000000000 4.200029949
184.000000000 3.701395256
183.000000000 0.991644786
182.000000000 1.740503605
181.000000000 5.307448412
180.000000000 3.858071079
