260.000000000 0.497860666
259.000000000 0.546116211
258.000000000 0.958851295
257.000000000 0.537941341
256.000000000 0.422254944
255.000000000 1.538490872
254.000000000 0.547813406
253.000000000 1.199782184
252.000000000 -0.111716291
251.000000000 0.214298561
250.000000000 1.691931823
249.000000000 0.993055282
248.000000000 0.649072291
247.000000000 1.491806814
246.000000000 1.041002215
245.000000000 1.251621532
244.000000000 1.727169802
243.000000000 0.420295321
242.000000000 -0.618461174
241.000000000 -0.102378038
240.000000000 1.506087290
239.000000000 0.768487846
238.000000000 1.971982483
237.000000000 0.973366027
236.000000000 1.837334058
235.000000000 0.577493590
234.000000000 1.979856029
233.000000000 1.808545308
232.000000000 0.703048477
231.000000000 2.944120893
230.000000000 1.973675858
229.000000000 2.296799347
228.000000000 0.852260558
227.000000000 1.971410955
226.000000000 2.364135878
225.000000000 2.111933108
224.000000000 0.882691077
223.000000000 3.157237153
222.000000000 3.057717020
221.000000000 2.173548673
220.000000000 2.994246099
219.000000000 2.607812551
218.000000000 2.785033533
217.000000000 3.522281784
216.000000000 2.721656559
215.000000000 3.630501358
214.000000000 3.370067938
213.000000000 2.724007706
212.000000000 3.257168027
211.000000000 3.608136900
210.000000000 3.187307783
209.000000000 2.879399403
208.000000000 3.529543642
207.000000000 2.765713039
206.000000000 2.600051110
205.000000000 2.025324772
204.000000000 1.970177592
203.000000000 0.370500843
202.000000000 1.095305365
201.000000000 3.096327138
200.000000000 3.144160580
199.000000000 2.473534865
198.000000000 6.264274544
197.000000000 1.846048357
196.000000000 0.170068347
195.000000000 1.397184962
194.000000000 4.757084564
193.000000000 5.638262622
192.000000000 3.979578663
191.000000000 2.028294495
190.000000000 3.592568730
189.000000000 0.961904359
188.000000000 3.322449434
187.000000000 1.561695874
186.000000000 1.785223231
185.000000000 4.663883629
184.000000000 2.553137091
183.000000000 3.362226101
182.000000000 3.375866603
181.000000000 4.176953407
180.000000000 0.938235419
