260.000000000 463.364227295
259.000000000 463.364227295
258.000000000 463.364227295
257.000000000 463.364227295
256.000000000 463.364227295
255.000000000 463.364227295
254.000000000 463.364227295
253.000000000 463.364227295
252.000000000 463.364227295
251.000000000 463.364227295
250.000000000 463.364227295
249.000000000 463.364227295
248.000000000 463.364227295
247.000000000 463.364227295
246.000000000 463.364227295
245.000000000 488.444580078
244.000000000 488.444580078
243.000000000 488.444580078
242.000000000 488.444580078
241.000000000 488.444580078
240.000000000 488.444580078
239.000000000 488.444580078
238.000000000 488.444580078
237.000000000 488.444580078
236.000000000 488.444580078
235.000000000 488.444580078
234.000000000 488.444580078
233.000000000 488.444580078
232.000000000 488.444580078
231.000000000 488.444580078
230.000000000 513.215942383
229.000000000 513.215942383
228.000000000 513.215942383
227.000000000 513.215942383
226.000000000 513.215942383
225.000000000 513.215942383
224.000000000 513.215942383
223.000000000 513.215942383
222.000000000 513.215942383
221.000000000 513.215942383
220.000000000 513.215942383
219.000000000 513.215942383
218.000000000 513.215942383
217.000000000 513.215942383
216.000000000 513.215942383
215.000000000 513.215942383
214.000000000 539.351379395
213.000000000 539.351379395
212.000000000 539.351379395
211.000000000 539.351379395
210.000000000 539.351379395
209.000000000 539.351379395
208.000000000 539.351379395
207.000000000 539.351379395
206.000000000 539.351379395
205.000000000 539.351379395
204.000000000 567.608215332
203.000000000 567.608215332
202.000000000 567.608215332
201.000000000 567.608215332
200.000000000 567.608215332
199.000000000 567.608215332
198.000000000 567.608215332
197.000000000 567.608215332
196.000000000 567.608215332
195.000000000 567.608215332
194.000000000 567.608215332
193.000000000 567.608215332
192.000000000 567.608215332
191.000000000 567.608215332
190.000000000 567.608215332
189.000000000 594.438598633
188.000000000 594.438598633
187.000000000 594.438598633
186.000000000 594.438598633
185.000000000 594.438598633
184.000000000 594.438598633
183.000000000 594.438598633
182.000000000 626.590515137
181.000000000 626.590515137
180.000000000 626.590515137
