260.000000000 463.364227295
259.000000000 463.364227295
258.000000000 463.364227295
257.000000000 463.364227295
256.000000000 463.364227295
255.000000000 463.364227295
254.000000000 463.364227295
253.000000000 463.364227295
252.000000000 463.364227295
251.000000000 463.364227295
250.000000000 463.364227295
249.000000000 463.364227295
248.000000000 463.364227295
247.000000000 463.364227295
246.000000000 463.364227295
245.000000000 487.813842773
244.000000000 487.813842773
243.000000000 487.813842773
242.000000000 487.813842773
241.000000000 487.813842773
240.000000000 487.813842773
239.000000000 487.813842773
238.000000000 487.813842773
237.000000000 487.813842773
236.000000000 487.813842773
235.000000000 487.813842773
234.000000000 487.813842773
233.000000000 487.813842773
232.000000000 487.813842773
231.000000000 487.813842773
230.000000000 487.813842773
229.000000000 513.836730957
228.000000000 513.836730957
227.000000000 513.836730957
226.000000000 513.836730957
225.000000000 513.836730957
224.000000000 513.836730957
223.000000000 513.836730957
222.000000000 513.836730957
221.000000000 513.836730957
220.000000000 513.836730957
219.000000000 513.836730957
218.000000000 513.836730957
217.000000000 513.836730957
216.000000000 539.092468262
215.000000000 539.092468262
214.000000000 539.092468262
213.000000000 539.092468262
212.000000000 539.092468262
211.000000000 539.092468262
210.000000000 539.092468262
209.000000000 539.092468262
208.000000000 539.092468262
207.000000000 539.092468262
206.000000000 539.092468262
205.000000000 565.449890137
204.000000000 565.449890137
203.000000000 565.449890137
202.000000000 565.449890137
201.000000000 565.449890137
200.000000000 565.449890137
199.000000000 565.449890137
198.000000000 565.449890137
197.000000000 565.449890137
196.000000000 565.449890137
195.000000000 565.449890137
194.000000000 565.449890137
193.000000000 565.449890137
192.000000000 565.449890137
191.000000000 565.449890137
190.000000000 565.449890137
189.000000000 565.449890137
188.000000000 565.449890137
187.000000000 565.449890137
186.000000000 605.538513184
185.000000000 605.538513184
184.000000000 605.538513184
183.000000000 605.538513184
182.000000000 605.538513184
181.000000000 605.538513184
180.000000000 650.228393555
