260.000000000 463.364227295
259.000000000 463.364227295
258.000000000 463.364227295
257.000000000 463.364227295
256.000000000 463.364227295
255.000000000 463.364227295
254.000000000 463.364227295
253.000000000 463.364227295
252.000000000 463.364227295
251.000000000 463.364227295
250.000000000 463.364227295
249.000000000 463.364227295
248.000000000 463.364227295
247.000000000 463.364227295
246.000000000 463.364227295
245.000000000 463.364227295
244.000000000 488.200805664
243.000000000 488.200805664
242.000000000 488.200805664
241.000000000 488.200805664
240.000000000 488.200805664
239.000000000 488.200805664
238.000000000 488.200805664
237.000000000 488.200805664
236.000000000 488.200805664
235.000000000 488.200805664
234.000000000 488.200805664
233.000000000 488.200805664
232.000000000 488.200805664
231.000000000 488.200805664
230.000000000 488.200805664
229.000000000 488.200805664
228.000000000 488.200805664
227.000000000 513.697021484
226.000000000 513.697021484
225.000000000 513.697021484
224.000000000 513.697021484
223.000000000 513.697021484
222.000000000 513.697021484
221.000000000 513.697021484
220.000000000 513.697021484
219.000000000 513.697021484
218.000000000 513.697021484
217.000000000 538.201354980
216.000000000 538.201354980
215.000000000 538.201354980
214.000000000 538.201354980
213.000000000 538.201354980
212.000000000 538.201354980
211.000000000 538.201354980
210.000000000 538.201354980
209.000000000 538.201354980
208.000000000 538.201354980
207.000000000 538.201354980
206.000000000 538.201354980
205.000000000 538.201354980
204.000000000 538.201354980
203.000000000 565.689208984
202.000000000 565.689208984
201.000000000 565.689208984
200.000000000 565.689208984
199.000000000 565.689208984
198.000000000 565.689208984
197.000000000 565.689208984
196.000000000 565.689208984
195.000000000 565.689208984
194.000000000 565.689208984
193.000000000 565.689208984
192.000000000 565.689208984
191.000000000 565.689208984
190.000000000 565.689208984
189.000000000 565.689208984
188.000000000 565.689208984
187.000000000 565.689208984
186.000000000 599.413085938
185.000000000 599.413085938
184.000000000 599.413085938
183.000000000 599.413085938
182.000000000 635.284851074
181.000000000 635.284851074
180.000000000 635.284851074
