260.000000000 1.700354622
259.000000000 -1.132417491
258.000000000 1.766472465
257.000000000 0.881659522
256.000000000 1.501077577
255.000000000 1.597822304
254.000000000 0.749166821
253.000000000 1.787978774
252.000000000 2.818439972
251.000000000 2.479721971
250.000000000 2.279306753
249.000000000 -0.646654872
248.000000000 -0.214066660
247.000000000 0.956045144
246.000000000 1.027741032
245.000000000 2.390922236
244.000000000 0.875889933
243.000000000 0.978249744
242.000000000 0.745993650
241.000000000 2.302866355
240.000000000 2.091574770
239.000000000 1.707757976
238.000000000 2.994472323
237.000000000 1.533558057
236.000000000 2.283127107
235.000000000 0.764715693
234.000000000 1.571448505
233.000000000 0.200987663
232.000000000 2.034789813
231.000000000 1.216962804
230.000000000 2.723552971
229.000000000 1.349989630
228.000000000 0.976311200
227.000000000 2.294285054
226.000000000 1.632260239
225.000000000 2.984011724
224.000000000 4.153721454
223.000000000 3.969696809
222.000000000 3.982412165
221.000000000 3.092195163
220.000000000 1.260831432
219.000000000 2.301599237
218.000000000 4.367909112
217.000000000 2.926173679
216.000000000 4.156682798
215.000000000 3.463648298
214.000000000 4.438552287
213.000000000 4.594045643
212.000000000 6.872575249
211.000000000 4.190592564
210.000000000 3.737156524
209.000000000 5.417576046
208.000000000 1.175524580
207.000000000 3.163722483
206.000000000 6.321711166
205.000000000 6.835050797
204.000000000 2.439720651
203.000000000 5.203377214
202.000000000 4.247658606
201.000000000 4.317384398
200.000000000 4.369878366
199.000000000 2.181712856
198.000000000 1.788836309
197.000000000 2.923513868
196.000000000 0.917931199
195.000000000 7.949493655
194.000000000 6.363292182
193.000000000 6.672999952
192.000000000 2.474644637
191.000000000 2.963067513
190.000000000 5.257967545
189.000000000 7.727469872
188.000000000 3.922493156
187.000000000 6.035565549
186.000000000 3.857358208
185.000000000 2.096161840
184.000000000 1.440073342
183.000000000 3.631542755
182.000000000 3.733397333
181.000000000 3.335348035
180.000000000 -0.595862731
