260.000000000 -0.487145694
259.000000000 -0.014446131
258.000000000 0.678838588
257.000000000 0.385465891
256.000000000 1.738389136
255.000000000 1.179950642
254.000000000 2.081687662
253.000000000 1.675394122
252.000000000 2.116788068
251.000000000 1.272942812
250.000000000 -0.337591205
249.000000000 1.408164768
248.000000000 1.881085424
247.000000000 1.829650025
246.000000000 0.890667133
245.000000000 2.708188089
244.000000000 2.435864325
243.000000000 2.730575556
242.000000000 2.304264322
241.000000000 1.897603183
240.000000000 1.691230530
239.000000000 2.091764324
238.000000000 1.743925918
237.000000000 0.504688951
236.000000000 0.650853147
235.000000000 1.091345371
234.000000000 3.394122983
233.000000000 1.131641781
232.000000000 0.746930029
231.000000000 1.730916979
230.000000000 3.443432870
229.000000000 2.403102110
228.000000000 3.428929359
227.000000000 4.739703056
226.000000000 2.466257711
225.000000000 2.808462450
224.000000000 0.076339306
223.000000000 4.809610352
222.000000000 3.734084635
221.000000000 3.320163437
220.000000000 4.059977074
219.000000000 3.713225357
218.000000000 4.817286664
217.000000000 2.800869692
216.000000000 2.878873616
215.000000000 3.326389152
214.000000000 5.415199871
213.000000000 1.775686958
212.000000000 5.681126673
211.000000000 3.590736545
210.000000000 2.801853144
209.000000000 2.525835284
208.000000000 1.879630799
207.000000000 6.172547033
206.000000000 6.484195683
205.000000000 5.941289711
204.000000000 5.943573864
203.000000000 1.689632887
202.000000000 3.971324004
201.000000000 6.174457178
200.000000000 2.298856659
199.000000000 0.541929512
198.000000000 3.658136047
197.000000000 1.661292894
196.000000000 2.032679689
195.000000000 0.998105011
194.000000000 5.033086618
193.000000000 0.878903894
192.000000000 2.337781302
191.000000000 -0.070228794
190.000000000 3.820241385
189.000000000 1.965367502
188.000000000 5.159316379
187.000000000 4.409947585
186.000000000 5.930909235
185.000000000 6.175315671
184.000000000 2.896424720
183.000000000 5.188446466
182.000000000 1.561975336
181.000000000 0.937673701
180.000000000 2.034345741
