260.000000000 0.494819031
259.000000000 0.911715050
258.000000000 0.430429730
257.000000000 0.988552684
256.000000000 0.587170868
255.000000000 2.731333435
254.000000000 0.134811501
253.000000000 1.400326427
252.000000000 1.938634013
251.000000000 3.204323617
250.000000000 1.860910799
249.000000000 2.378575800
248.000000000 2.149169504
247.000000000 2.616197082
246.000000000 2.630008900
245.000000000 1.853386621
244.000000000 1.285190930
243.000000000 0.710933853
242.000000000 0.420492850
241.000000000 1.996033013
240.000000000 1.359871241
239.000000000 1.467977600
238.000000000 1.449203663
237.000000000 1.544711182
236.000000000 2.973341372
235.000000000 0.785273986
234.000000000 3.073399026
233.000000000 1.804256583
232.000000000 2.815132092
231.000000000 2.725912203
230.000000000 1.263157434
229.000000000 1.409455974
228.000000000 2.622415577
227.000000000 3.384506517
226.000000000 0.120359687
225.000000000 3.681389587
224.000000000 5.714003879
223.000000000 3.082208505
222.000000000 1.598847191
221.000000000 1.130424686
220.000000000 3.663570514
219.000000000 3.981159630
218.000000000 4.031039161
217.000000000 3.212547568
216.000000000 5.194571420
215.000000000 4.609097798
214.000000000 4.068152242
213.000000000 4.361828255
212.000000000 2.921859286
211.000000000 4.231649276
210.000000000 4.952433354
209.000000000 5.332938563
208.000000000 2.717583411
207.000000000 6.284539751
206.000000000 5.007126234
205.000000000 2.766096235
204.000000000 4.373072688
203.000000000 3.817455966
202.000000000 4.587116678
201.000000000 4.738839207
200.000000000 7.321104011
199.000000000 3.274320356
198.000000000 5.104229933
197.000000000 4.533739031
196.000000000 3.841840032
195.000000000 8.733158411
194.000000000 4.725050439
193.000000000 1.497183850
192.000000000 6.355762127
191.000000000 3.018874801
190.000000000 3.378138952
189.000000000 2.801675438
188.000000000 3.195377550
187.000000000 5.591079627
186.000000000 6.120894845
185.000000000 4.247437959
184.000000000 2.152835868
183.000000000 4.932490674
182.000000000 3.322989984
181.000000000 -0.289503673
180.000000000 7.760810133
