260.000000000 544.511657715
259.000000000 544.511657715
258.000000000 544.511657715
257.000000000 544.511657715
256.000000000 544.511657715
255.000000000 544.511657715
254.000000000 544.511657715
253.000000000 544.511657715
252.000000000 544.511657715
251.000000000 544.511657715
250.000000000 544.511657715
249.000000000 544.511657715
248.000000000 544.511657715
247.000000000 544.511657715
246.000000000 544.511657715
245.000000000 544.511657715
244.000000000 544.511657715
243.000000000 544.511657715
242.000000000 544.511657715
241.000000000 544.511657715
240.000000000 544.511657715
239.000000000 544.511657715
238.000000000 544.511657715
237.000000000 572.686767578
236.000000000 572.686767578
235.000000000 572.686767578
234.000000000 572.686767578
233.000000000 572.686767578
232.000000000 572.686767578
231.000000000 572.686767578
230.000000000 572.686767578
229.000000000 572.686767578
228.000000000 572.686767578
227.000000000 572.686767578
226.000000000 572.686767578
225.000000000 572.686767578
224.000000000 572.686767578
223.000000000 572.686767578
222.000000000 572.686767578
221.000000000 572.686767578
220.000000000 602.038879395
219.000000000 602.038879395
218.000000000 602.038879395
217.000000000 602.038879395
216.000000000 602.038879395
215.000000000 602.038879395
214.000000000 602.038879395
213.000000000 602.038879395
212.000000000 602.038879395
211.000000000 602.038879395
210.000000000 602.038879395
209.000000000 602.038879395
208.000000000 602.038879395
207.000000000 602.038879395
206.000000000 632.944519043
205.000000000 632.944519043
204.000000000 632.944519043
203.000000000 632.944519043
202.000000000 632.944519043
201.000000000 632.944519043
200.000000000 632.944519043
199.000000000 632.944519043
198.000000000 632.944519043
197.000000000 632.944519043
196.000000000 632.944519043
195.000000000 632.944519043
194.000000000 632.944519043
193.000000000 632.944519043
192.000000000 632.944519043
191.000000000 632.944519043
190.000000000 632.944519043
189.000000000 663.704223633
188.000000000 663.704223633
187.000000000 663.704223633
186.000000000 663.704223633
185.000000000 663.704223633
184.000000000 696.057800293
183.000000000 696.057800293
182.000000000 732.588806152
181.000000000 732.588806152
180.000000000 780.081481934
