260.000000000 4.371335873
259.000000000 5.091660394
258.000000000 4.917494692
257.000000000 4.137565728
256.000000000 4.062079063
255.000000000 3.431604303
254.000000000 5.767167804
253.000000000 6.331118285
252.000000000 7.203559990
251.000000000 5.290617036
250.000000000 4.253224605
249.000000000 6.102732961
248.000000000 5.874750201
247.000000000 7.316729116
246.000000000 5.305103554
245.000000000 7.722502843
244.000000000 4.989372084
243.000000000 3.630728276
242.000000000 5.798345039
241.000000000 7.206837669
240.000000000 6.081507350
239.000000000 8.176096706
238.000000000 5.728723841
237.000000000 7.513656362
236.000000000 6.392802459
235.000000000 6.974132959
234.000000000 6.932876503
233.000000000 8.358186238
232.000000000 8.822748367
231.000000000 5.925542881
230.000000000 7.006909224
229.000000000 5.795723198
228.000000000 8.923170891
227.000000000 4.610077430
226.000000000 3.768398211
225.000000000 6.938616269
224.000000000 6.017621851
223.000000000 8.546523297
222.000000000 9.406764038
221.000000000 4.911589178
220.000000000 7.438361338
219.000000000 9.179620536
218.000000000 12.619290676
217.000000000 6.836045182
216.000000000 10.935204342
215.000000000 11.140987751
214.000000000 4.595157017
213.000000000 9.546588714
212.000000000 9.208268710
211.000000000 11.565921573
210.000000000 6.299754273
209.000000000 10.784230564
208.000000000 9.209262929
207.000000000 8.243590682
206.000000000 12.956846034
205.000000000 9.799117357
204.000000000 11.276743994
203.000000000 12.641783995
202.000000000 11.405627023
201.000000000 12.340409961
200.000000000 11.904811282
199.000000000 12.255116304
198.000000000 12.053044263
197.000000000 11.033603101
196.000000000 10.909496812
195.000000000 11.778671834
194.000000000 5.063055826
193.000000000 8.845145165
192.000000000 6.888784220
191.000000000 11.792159590
190.000000000 10.368226588
189.000000000 11.857983886
188.000000000 13.253277269
187.000000000 12.478941992
186.000000000 10.670379477
185.000000000 13.995155709
184.000000000 16.935740663
183.000000000 8.604056843
182.000000000 17.923952177
181.000000000 9.642756955
180.000000000 12.533192887
