260.000000000 2.743987862
259.000000000 4.726326374
258.000000000 4.753904869
257.000000000 6.220162642
256.000000000 6.864395041
255.000000000 5.192326783
254.000000000 4.169563497
253.000000000 5.181422385
252.000000000 5.221764566
251.000000000 4.104424973
250.000000000 8.523519809
249.000000000 6.962222898
248.000000000 5.530248173
247.000000000 5.980758784
246.000000000 6.471976795
245.000000000 6.931910728
244.000000000 6.858232775
243.000000000 5.466441773
242.000000000 5.374726907
241.000000000 1.824943378
240.000000000 8.921510500
239.000000000 6.809508001
238.000000000 6.058619534
237.000000000 6.125165858
236.000000000 8.309145503
235.000000000 7.977302736
234.000000000 5.496603041
233.000000000 10.235442196
232.000000000 3.247552885
231.000000000 8.634877335
230.000000000 8.166030639
229.000000000 5.458302509
228.000000000 5.812127041
227.000000000 6.603009155
226.000000000 10.287903054
225.000000000 6.588835234
224.000000000 6.214818702
223.000000000 7.289798351
222.000000000 6.215756121
221.000000000 7.845445254
220.000000000 13.544267791
219.000000000 5.918012839
218.000000000 8.486001079
217.000000000 12.167296636
216.000000000 10.191917680
215.000000000 7.229399860
214.000000000 11.963603616
213.000000000 6.175961085
212.000000000 10.638533147
211.000000000 9.859039034
210.000000000 14.536783305
209.000000000 13.561987063
208.000000000 12.358550851
207.000000000 9.407803754
206.000000000 10.978355936
205.000000000 14.697078694
204.000000000 11.002944255
203.000000000 7.251971449
202.000000000 15.595887115
201.000000000 10.768862300
200.000000000 7.172698939
199.000000000 10.113285272
198.000000000 12.524018336
197.000000000 10.357969164
196.000000000 5.829377043
195.000000000 9.065018060
194.000000000 11.577287960
193.000000000 14.987317020
192.000000000 11.603415436
191.000000000 11.851809849
190.000000000 10.710956161
189.000000000 5.963372398
188.000000000 14.104115383
187.000000000 13.482290818
186.000000000 12.977984755
185.000000000 11.850828641
184.000000000 19.239280860
183.000000000 9.846789947
182.000000000 17.406884470
181.000000000 11.137063887
180.000000000 6.887121839
