260.000000000 5.145325045
259.000000000 6.762767062
258.000000000 7.873354045
257.000000000 4.603035696
256.000000000 4.876632077
255.000000000 7.122386628
254.000000000 2.494729530
253.000000000 7.099265819
252.000000000 5.188908829
251.000000000 2.365268887
250.000000000 4.818917998
249.000000000 6.334618717
248.000000000 7.223053990
247.000000000 5.541286949
246.000000000 8.189678408
245.000000000 7.934657895
244.000000000 5.626845676
243.000000000 4.463071110
242.000000000 7.067563113
241.000000000 4.699236847
240.000000000 4.025665196
239.000000000 6.689173152
238.000000000 5.336813538
237.000000000 7.676460273
236.000000000 4.942664017
235.000000000 7.962080693
234.000000000 5.942878946
233.000000000 7.161744692
232.000000000 10.147849076
231.000000000 5.726786396
230.000000000 6.405271078
229.000000000 7.947997465
228.000000000 6.249348482
227.000000000 4.668106905
226.000000000 6.480792243
225.000000000 10.390593923
224.000000000 12.277035196
223.000000000 8.725419242
222.000000000 10.968237562
221.000000000 9.448184115
220.000000000 6.759406086
219.000000000 6.613431870
218.000000000 12.348540600
217.000000000 9.652181187
216.000000000 6.697400083
215.000000000 9.311821575
214.000000000 9.167353398
213.000000000 8.525755424
212.000000000 13.452132020
211.000000000 8.451980745
210.000000000 8.084719787
209.000000000 10.679106982
208.000000000 9.666825783
207.000000000 9.065603075
206.000000000 10.262934302
205.000000000 8.696389550
204.000000000 4.166643850
203.000000000 12.277155539
202.000000000 13.571650538
201.000000000 10.751974558
200.000000000 10.681463466
199.000000000 11.569399360
198.000000000 14.341784059
197.000000000 17.547593905
196.000000000 7.525729164
195.000000000 8.474377390
194.000000000 5.543245570
193.000000000 13.667613135
192.000000000 13.601483596
191.000000000 18.031387195
190.000000000 8.274543018
189.000000000 11.435935649
188.000000000 10.816482571
187.000000000 13.042014986
186.000000000 10.573058742
185.000000000 6.402237375
184.000000000 10.266918510
183.000000000 11.850401770
182.000000000 1.006652339
181.000000000 9.625941532
180.000000000 14.271590337
