260.000000000 1.039838486
259.000000000 0.901987124
258.000000000 -0.424607663
257.000000000 -0.480510792
256.000000000 1.173687737
255.000000000 0.747901351
254.000000000 1.960257279
253.000000000 0.288951382
252.000000000 1.061011637
251.000000000 1.269307680
250.000000000 0.128065876
249.000000000 1.122233286
248.000000000 0.187158372
247.000000000 0.620174910
246.000000000 1.445592918
245.000000000 1.453211867
244.000000000 1.446354219
243.000000000 0.902752088
242.000000000 3.152913769
241.000000000 1.386320196
240.000000000 1.684440824
239.000000000 2.638262072
238.000000000 1.275152480
237.000000000 -0.132993834
236.000000000 1.051854368
235.000000000 2.502804196
234.000000000 2.334793134
233.000000000 1.572597046
232.000000000 0.655039919
231.000000000 -0.767116480
230.000000000 3.251234379
229.000000000 2.330320735
228.000000000 0.880134791
227.000000000 2.269337743
226.000000000 1.299512466
225.000000000 2.738452185
224.000000000 3.371339661
223.000000000 -0.206208791
222.000000000 1.749248343
221.000000000 2.088580105
220.000000000 1.162303167
219.000000000 3.056634539
218.000000000 1.935293759
217.000000000 2.684845845
216.000000000 4.224619765
215.000000000 1.489434410
214.000000000 2.014213562
213.000000000 3.141622986
212.000000000 4.301632588
211.000000000 2.969728947
210.000000000 3.970911922
209.000000000 6.270945410
208.000000000 2.265866233
207.000000000 2.193121660
206.000000000 3.880947694
205.000000000 2.107453586
204.000000000 4.460709199
203.000000000 3.239031192
202.000000000 6.654430724
201.000000000 5.047732330
200.000000000 3.164161294
199.000000000 1.237580017
198.000000000 4.305424510
197.000000000 1.721069287
196.000000000 2.786505525
195.000000000 5.396011389
194.000000000 5.779488678
193.000000000 1.437402633
192.000000000 1.744244602
191.000000000 1.413910279
190.000000000 3.567414398
189.000000000 1.616129597
188.000000000 0.666605772
187.000000000 1.669654693
186.000000000 0.422504658
185.000000000 5.175642925
184.000000000 -2.311439745
183.000000000 2.776845890
182.000000000 3.272503738
181.000000000 0.679408483
180.000000000 1.567982384
