260.000000000 1.436685332
259.000000000 0.500669221
258.000000000 1.329938648
257.000000000 1.449928390
256.000000000 0.628431290
255.000000000 1.236826294
254.000000000 0.748723668
253.000000000 1.596443979
252.000000000 0.766431893
251.000000000 -0.416779871
250.000000000 1.415281921
249.000000000 1.910138785
248.000000000 1.284517669
247.000000000 0.212035761
246.000000000 0.867531074
245.000000000 0.966047127
244.000000000 1.619754645
243.000000000 0.073549084
242.000000000 -0.367240426
241.000000000 0.983457192
240.000000000 1.354822270
239.000000000 0.658546643
238.000000000 1.184209302
237.000000000 0.619992024
236.000000000 2.011953578
235.000000000 2.161621407
234.000000000 2.605859233
233.000000000 2.115312431
232.000000000 2.525867730
231.000000000 1.847852838
230.000000000 2.140969798
229.000000000 3.116716820
228.000000000 2.238906852
227.000000000 0.748450877
226.000000000 2.789093001
225.000000000 2.108596038
224.000000000 3.412444292
223.000000000 1.865823216
222.000000000 2.756044951
221.000000000 2.073459260
220.000000000 1.687545779
219.000000000 3.990304730
218.000000000 4.421538322
217.000000000 4.188389563
216.000000000 1.818774222
215.000000000 5.145753408
214.000000000 1.894077849
213.000000000 2.954816496
212.000000000 2.322038920
211.000000000 4.682579934
210.000000000 3.325593426
209.000000000 2.114476089
208.000000000 2.316051325
207.000000000 1.124217475
206.000000000 4.413495667
205.000000000 4.064803151
204.000000000 -0.497239414
203.000000000 1.877833464
202.000000000 1.435575550
201.000000000 2.388485750
200.000000000 4.830451667
199.000000000 5.406170871
198.000000000 5.910962513
197.000000000 2.108184085
196.000000000 4.406605609
195.000000000 3.181383888
194.000000000 1.938976587
193.000000000 3.526589628
192.000000000 1.417901498
191.000000000 4.008654208
190.000000000 3.139544708
189.000000000 6.211460999
188.000000000 4.908144199
187.000000000 0.128833457
186.000000000 1.426204950
185.000000000 5.977966048
184.000000000 6.814860818
183.000000000 2.748405067
182.000000000 0.602569562
181.000000000 0.890735097
180.000000000 3.066984334
