260.000000000 451.775573730
259.000000000 451.775573730
258.000000000 451.775573730
257.000000000 451.775573730
256.000000000 451.775573730
255.000000000 451.775573730
254.000000000 451.775573730
253.000000000 451.775573730
252.000000000 451.775573730
251.000000000 451.775573730
250.000000000 451.775573730
249.000000000 451.775573730
248.000000000 451.775573730
247.000000000 451.775573730
246.000000000 475.838958740
245.000000000 475.838958740
244.000000000 475.838958740
243.000000000 475.838958740
242.000000000 475.838958740
241.000000000 475.838958740
240.000000000 475.838958740
239.000000000 475.838958740
238.000000000 475.838958740
237.000000000 475.838958740
236.000000000 475.838958740
235.000000000 475.838958740
234.000000000 475.838958740
233.000000000 475.838958740
232.000000000 475.838958740
231.000000000 475.838958740
230.000000000 475.838958740
229.000000000 499.736572266
228.000000000 499.736572266
227.000000000 499.736572266
226.000000000 499.736572266
225.000000000 499.736572266
224.000000000 499.736572266
223.000000000 499.736572266
222.000000000 499.736572266
221.000000000 499.736572266
220.000000000 499.736572266
219.000000000 499.736572266
218.000000000 499.736572266
217.000000000 499.736572266
216.000000000 523.490051270
215.000000000 523.490051270
214.000000000 523.490051270
213.000000000 523.490051270
212.000000000 523.490051270
211.000000000 523.490051270
210.000000000 523.490051270
209.000000000 523.490051270
208.000000000 523.490051270
207.000000000 523.490051270
206.000000000 523.490051270
205.000000000 523.490051270
204.000000000 549.993774414
203.000000000 549.993774414
202.000000000 549.993774414
201.000000000 549.993774414
200.000000000 549.993774414
199.000000000 549.993774414
198.000000000 549.993774414
197.000000000 549.993774414
196.000000000 549.993774414
195.000000000 549.993774414
194.000000000 549.993774414
193.000000000 549.993774414
192.000000000 549.993774414
191.000000000 549.993774414
190.000000000 549.993774414
189.000000000 576.882751465
188.000000000 576.882751465
187.000000000 576.882751465
186.000000000 576.882751465
185.000000000 576.882751465
184.000000000 576.882751465
183.000000000 608.998046875
182.000000000 608.998046875
181.000000000 608.998046875
180.000000000 608.998046875
