260.000000000 520.407775879
259.000000000 520.407775879
258.000000000 520.407775879
257.000000000 520.407775879
256.000000000 520.407775879
255.000000000 520.407775879
254.000000000 520.407775879
253.000000000 520.407775879
252.000000000 520.407775879
251.000000000 520.407775879
250.000000000 520.407775879
249.000000000 520.407775879
248.000000000 520.407775879
247.000000000 520.407775879
246.000000000 520.407775879
245.000000000 520.407775879
244.000000000 520.407775879
243.000000000 520.407775879
242.000000000 520.407775879
241.000000000 520.407775879
240.000000000 520.407775879
239.000000000 520.407775879
238.000000000 520.407775879
237.000000000 520.407775879
236.000000000 520.407775879
235.000000000 520.407775879
234.000000000 520.407775879
233.000000000 520.407775879
232.000000000 520.407775879
231.000000000 520.407775879
230.000000000 520.407775879
229.000000000 520.407775879
228.000000000 520.407775879
227.000000000 520.407775879
226.000000000 520.407775879
225.000000000 520.407775879
224.000000000 520.407775879
223.000000000 520.407775879
222.000000000 520.407775879
221.000000000 520.407775879
220.000000000 520.407775879
219.000000000 520.407775879
218.000000000 520.407775879
217.000000000 520.407775879
216.000000000 520.407775879
215.000000000 520.407775879
214.000000000 520.407775879
213.000000000 520.407775879
212.000000000 520.407775879
211.000000000 520.407775879
210.000000000 520.407775879
209.000000000 520.407775879
208.000000000 520.407775879
207.000000000 520.407775879
206.000000000 520.407775879
205.000000000 520.407775879
204.000000000 520.407775879
203.000000000 520.407775879
202.000000000 520.407775879
201.000000000 520.407775879
200.000000000 520.407775879
199.000000000 520.407775879
198.000000000 520.407775879
197.000000000 520.407775879
196.000000000 520.407775879
195.000000000 520.407775879
194.000000000 520.407775879
193.000000000 520.407775879
192.000000000 520.407775879
191.000000000 520.407775879
190.000000000 520.407775879
189.000000000 520.407775879
188.000000000 520.407775879
187.000000000 520.407775879
186.000000000 520.407775879
185.000000000 520.407775879
184.000000000 520.407775879
183.000000000 520.407775879
182.000000000 520.407775879
181.000000000 520.407775879
180.000000000 520.407775879
