260.000000000 451.775573730
259.000000000 451.775573730
258.000000000 451.775573730
257.000000000 451.775573730
256.000000000 451.775573730
255.000000000 451.775573730
254.000000000 451.775573730
253.000000000 451.775573730
252.000000000 451.775573730
251.000000000 451.775573730
250.000000000 451.775573730
249.000000000 451.775573730
248.000000000 451.775573730
247.000000000 473.583587646
246.000000000 473.583587646
245.000000000 473.583587646
244.000000000 473.583587646
243.000000000 473.583587646
242.000000000 473.583587646
241.000000000 473.583587646
240.000000000 473.583587646
239.000000000 473.583587646
238.000000000 473.583587646
237.000000000 473.583587646
236.000000000 473.583587646
235.000000000 473.583587646
234.000000000 473.583587646
233.000000000 473.583587646
232.000000000 496.435821533
231.000000000 496.435821533
230.000000000 496.435821533
229.000000000 496.435821533
228.000000000 496.435821533
227.000000000 496.435821533
226.000000000 496.435821533
225.000000000 496.435821533
224.000000000 496.435821533
223.000000000 496.435821533
222.000000000 496.435821533
221.000000000 496.435821533
220.000000000 496.435821533
219.000000000 496.435821533
218.000000000 496.435821533
217.000000000 521.270202637
216.000000000 521.270202637
215.000000000 521.270202637
214.000000000 521.270202637
213.000000000 521.270202637
212.000000000 521.270202637
211.000000000 521.270202637
210.000000000 521.270202637
209.000000000 521.270202637
208.000000000 521.270202637
207.000000000 521.270202637
206.000000000 545.907836914
205.000000000 545.907836914
204.000000000 545.907836914
203.000000000 545.907836914
202.000000000 545.907836914
201.000000000 545.907836914
200.000000000 545.907836914
199.000000000 545.907836914
198.000000000 545.907836914
197.000000000 545.907836914
196.000000000 545.907836914
195.000000000 545.907836914
194.000000000 545.907836914
193.000000000 545.907836914
192.000000000 573.882019043
191.000000000 573.882019043
190.000000000 573.882019043
189.000000000 573.882019043
188.000000000 573.882019043
187.000000000 573.882019043
186.000000000 573.882019043
185.000000000 573.882019043
184.000000000 573.882019043
183.000000000 609.181152344
182.000000000 609.181152344
181.000000000 609.181152344
180.000000000 609.181152344
