260.000000000 1.011336896
259.000000000 2.210306132
258.000000000 1.990629852
257.000000000 3.277772455
256.000000000 1.624176747
255.000000000 1.012878717
254.000000000 3.083271229
253.000000000 0.610968908
252.000000000 1.033170655
251.000000000 1.603794437
250.000000000 -0.362292052
249.000000000 1.366079344
248.000000000 1.615165384
247.000000000 1.611431062
246.000000000 1.476700322
245.000000000 0.124291609
244.000000000 1.404219865
243.000000000 3.315511444
242.000000000 1.770962039
241.000000000 1.674755759
240.000000000 0.367884205
239.000000000 2.094574397
238.000000000 0.820772139
237.000000000 0.957372325
236.000000000 3.867846857
235.000000000 2.848951467
234.000000000 1.647061532
233.000000000 4.528260873
232.000000000 3.411418904
231.000000000 1.947212771
230.000000000 2.035246459
229.000000000 1.602975920
228.000000000 1.340665122
227.000000000 1.770308170
226.000000000 2.919625278
225.000000000 2.515166091
224.000000000 3.082537240
223.000000000 4.327990354
222.000000000 2.051860086
221.000000000 2.531735733
220.000000000 2.290948905
219.000000000 3.858240530
218.000000000 5.278998413
217.000000000 3.276492972
216.000000000 2.894865249
215.000000000 2.326722371
214.000000000 1.883832190
213.000000000 5.136655572
212.000000000 3.938900708
211.000000000 6.524424575
210.000000000 3.099721982
209.000000000 5.769589017
208.000000000 4.364995652
207.000000000 6.648837653
206.000000000 3.783846884
205.000000000 5.427064309
204.000000000 4.437587184
203.000000000 5.658489493
202.000000000 2.951318885
201.000000000 3.495813097
200.000000000 3.390323501
199.000000000 5.479560577
198.000000000 4.150912873
197.000000000 5.980092334
196.000000000 4.913394618
195.000000000 7.042057164
194.000000000 2.521105852
193.000000000 5.536918334
192.000000000 5.402546316
191.000000000 1.912221451
190.000000000 6.389592354
189.000000000 7.627038672
188.000000000 6.878795132
187.000000000 3.372796776
186.000000000 4.387960574
185.000000000 2.149054343
184.000000000 5.016871415
183.000000000 1.747732253
182.000000000 -1.833762303
181.000000000 6.108830851
180.000000000 -0.060739617
