260.000000000 1.864970901
259.000000000 1.310808861
258.000000000 2.635689622
257.000000000 2.936472266
256.000000000 1.439063033
255.000000000 1.562371756
254.000000000 0.137031075
253.000000000 1.487044981
252.000000000 1.666384834
251.000000000 1.689971373
250.000000000 1.843038449
249.000000000 2.110448895
248.000000000 3.109925603
247.000000000 1.629734513
246.000000000 1.079759733
245.000000000 1.347634998
244.000000000 3.088920071
243.000000000 1.609912423
242.000000000 1.066724866
241.000000000 1.752594383
240.000000000 0.574330173
239.000000000 2.677183252
238.000000000 2.024327372
237.000000000 2.056736310
236.000000000 1.438446127
235.000000000 2.542180237
234.000000000 2.974175781
233.000000000 3.169734795
232.000000000 0.765397190
231.000000000 2.470461968
230.000000000 2.488524384
229.000000000 0.883286322
228.000000000 2.548348689
227.000000000 4.074129863
226.000000000 2.366916772
225.000000000 4.580483105
224.000000000 2.078742152
223.000000000 3.268075821
222.000000000 4.486432766
221.000000000 3.816237168
220.000000000 4.259334221
219.000000000 1.171566206
218.000000000 1.878705820
217.000000000 3.230402263
216.000000000 2.977670845
215.000000000 3.562833493
214.000000000 3.101402923
213.000000000 3.627991041
212.000000000 5.911281787
211.000000000 2.839177963
210.000000000 2.958835240
209.000000000 4.554115549
208.000000000 3.579398537
207.000000000 4.085331534
206.000000000 5.569579903
205.000000000 3.818278146
204.000000000 4.803085696
203.000000000 6.251749419
202.000000000 3.809845076
201.000000000 6.795160644
200.000000000 6.745011965
199.000000000 4.029707691
198.000000000 4.159679533
197.000000000 2.252175729
196.000000000 3.192988713
195.000000000 4.042435019
194.000000000 6.557384818
193.000000000 4.038712344
192.000000000 7.145753076
191.000000000 4.704745314
190.000000000 6.114179871
189.000000000 2.955661081
188.000000000 1.187738527
187.000000000 5.818167720
186.000000000 1.349363163
185.000000000 5.237470168
184.000000000 4.515167037
183.000000000 5.583845649
182.000000000 5.455159323
181.000000000 2.878488461
180.000000000 0.071072225
