260.000000000 1.490433000
259.000000000 2.638107995
258.000000000 1.128553750
257.000000000 1.830929158
256.000000000 1.457436456
255.000000000 1.837793694
254.000000000 1.490011255
253.000000000 0.738820035
252.000000000 1.137961734
251.000000000 0.723861005
250.000000000 2.094733044
249.000000000 1.846353661
248.000000000 1.960897848
247.000000000 2.355671453
246.000000000 1.378416025
245.000000000 0.620796404
244.000000000 2.089570897
243.000000000 3.117516858
242.000000000 1.951274477
241.000000000 0.230973902
240.000000000 2.249118745
239.000000000 1.628598616
238.000000000 1.899183382
237.000000000 1.983784691
236.000000000 3.611524311
235.000000000 2.966084074
234.000000000 1.227201597
233.000000000 1.865944868
232.000000000 1.198080415
231.000000000 1.529696267
230.000000000 2.698516273
229.000000000 2.066260364
228.000000000 1.853654392
227.000000000 4.507249103
226.000000000 3.882464071
225.000000000 2.959530905
224.000000000 0.708052193
223.000000000 3.604120070
222.000000000 6.488571976
221.000000000 2.997586310
220.000000000 4.055306677
219.000000000 3.979545006
218.000000000 4.524466265
217.000000000 2.704680219
216.000000000 2.630355674
215.000000000 4.655703327
214.000000000 2.511035269
213.000000000 3.722910407
212.000000000 3.850129566
211.000000000 4.639195017
210.000000000 2.151070058
209.000000000 3.258342710
208.000000000 4.665743454
207.000000000 3.303442204
206.000000000 3.559168680
205.000000000 3.811386410
204.000000000 4.317125391
203.000000000 4.126955923
202.000000000 5.691559462
201.000000000 5.384457093
200.000000000 4.547814110
199.000000000 4.519733691
198.000000000 4.867565551
197.000000000 4.962511515
196.000000000 4.938733249
195.000000000 2.733653171
194.000000000 3.442861882
193.000000000 7.317499812
192.000000000 6.221883510
191.000000000 2.305649747
190.000000000 4.535653496
189.000000000 5.559460988
188.000000000 3.999258578
187.000000000 3.699444335
186.000000000 1.607074182
185.000000000 6.054385330
184.000000000 7.432064106
183.000000000 5.531506897
182.000000000 -0.585100359
181.000000000 4.245448442
180.000000000 5.839256443
