260.000000000 678.464599609
259.000000000 678.464599609
258.000000000 678.464599609
257.000000000 678.464599609
256.000000000 678.464599609
255.000000000 678.464599609
254.000000000 678.464599609
253.000000000 678.464599609
252.000000000 678.464599609
251.000000000 678.464599609
250.000000000 711.993041992
249.000000000 711.993041992
248.000000000 711.993041992
247.000000000 711.993041992
246.000000000 711.993041992
245.000000000 711.993041992
244.000000000 711.993041992
243.000000000 711.993041992
242.000000000 711.993041992
241.000000000 711.993041992
240.000000000 711.993041992
239.000000000 711.993041992
238.000000000 711.993041992
237.000000000 711.993041992
236.000000000 711.993041992
235.000000000 711.993041992
234.000000000 711.993041992
233.000000000 711.993041992
232.000000000 711.993041992
231.000000000 711.993041992
230.000000000 711.993041992
229.000000000 711.993041992
228.000000000 745.885192871
227.000000000 745.885192871
226.000000000 745.885192871
225.000000000 745.885192871
224.000000000 745.885192871
223.000000000 745.885192871
222.000000000 745.885192871
221.000000000 745.885192871
220.000000000 745.885192871
219.000000000 745.885192871
218.000000000 745.885192871
217.000000000 745.885192871
216.000000000 745.885192871
215.000000000 745.885192871
214.000000000 745.885192871
213.000000000 745.885192871
212.000000000 745.885192871
211.000000000 745.885192871
210.000000000 745.885192871
209.000000000 745.885192871
208.000000000 782.529174805
207.000000000 782.529174805
206.000000000 782.529174805
205.000000000 782.529174805
204.000000000 782.529174805
203.000000000 782.529174805
202.000000000 782.529174805
201.000000000 782.529174805
200.000000000 782.529174805
199.000000000 782.529174805
198.000000000 782.529174805
197.000000000 782.529174805
196.000000000 782.529174805
195.000000000 782.529174805
194.000000000 782.529174805
193.000000000 782.529174805
192.000000000 782.529174805
191.000000000 782.529174805
190.000000000 782.529174805
189.000000000 782.529174805
188.000000000 782.529174805
187.000000000 782.529174805
186.000000000 782.529174805
185.000000000 782.529174805
184.000000000 782.529174805
183.000000000 782.529174805
182.000000000 822.684387207
181.000000000 822.684387207
180.000000000 871.935058594
