260.000000000 678.464599609
259.000000000 678.464599609
258.000000000 678.464599609
257.000000000 678.464599609
256.000000000 678.464599609
255.000000000 678.464599609
254.000000000 678.464599609
253.000000000 678.464599609
252.000000000 678.464599609
251.000000000 710.233276367
250.000000000 710.233276367
249.000000000 710.233276367
248.000000000 710.233276367
247.000000000 710.233276367
246.000000000 710.233276367
245.000000000 710.233276367
244.000000000 710.233276367
243.000000000 710.233276367
242.000000000 710.233276367
241.000000000 710.233276367
240.000000000 710.233276367
239.000000000 710.233276367
238.000000000 710.233276367
237.000000000 710.233276367
236.000000000 710.233276367
235.000000000 710.233276367
234.000000000 710.233276367
233.000000000 710.233276367
232.000000000 710.233276367
231.000000000 710.233276367
230.000000000 745.706909180
229.000000000 745.706909180
228.000000000 745.706909180
227.000000000 745.706909180
226.000000000 745.706909180
225.000000000 745.706909180
224.000000000 745.706909180
223.000000000 745.706909180
222.000000000 745.706909180
221.000000000 745.706909180
220.000000000 745.706909180
219.000000000 745.706909180
218.000000000 745.706909180
217.000000000 745.706909180
216.000000000 745.706909180
215.000000000 745.706909180
214.000000000 745.706909180
213.000000000 745.706909180
212.000000000 745.706909180
211.000000000 745.706909180
210.000000000 745.706909180
209.000000000 745.706909180
208.000000000 782.319519043
207.000000000 782.319519043
206.000000000 782.319519043
205.000000000 782.319519043
204.000000000 782.319519043
203.000000000 782.319519043
202.000000000 782.319519043
201.000000000 782.319519043
200.000000000 782.319519043
199.000000000 782.319519043
198.000000000 782.319519043
197.000000000 782.319519043
196.000000000 782.319519043
195.000000000 782.319519043
194.000000000 782.319519043
193.000000000 782.319519043
192.000000000 782.319519043
191.000000000 782.319519043
190.000000000 782.319519043
189.000000000 782.319519043
188.000000000 782.319519043
187.000000000 782.319519043
186.000000000 782.319519043
185.000000000 782.319519043
184.000000000 782.319519043
183.000000000 782.319519043
182.000000000 821.350219727
181.000000000 821.350219727
180.000000000 875.420471191
