260.000000000 678.464599609
259.000000000 678.464599609
258.000000000 678.464599609
257.000000000 678.464599609
256.000000000 678.464599609
255.000000000 678.464599609
254.000000000 678.464599609
253.000000000 678.464599609
252.000000000 678.464599609
251.000000000 678.464599609
250.000000000 678.464599609
249.000000000 678.464599609
248.000000000 678.464599609
247.000000000 711.991333008
246.000000000 711.991333008
245.000000000 711.991333008
244.000000000 711.991333008
243.000000000 711.991333008
242.000000000 711.991333008
241.000000000 711.991333008
240.000000000 711.991333008
239.000000000 711.991333008
238.000000000 711.991333008
237.000000000 711.991333008
236.000000000 711.991333008
235.000000000 711.991333008
234.000000000 711.991333008
233.000000000 711.991333008
232.000000000 711.991333008
231.000000000 711.991333008
230.000000000 711.991333008
229.000000000 711.991333008
228.000000000 711.991333008
227.000000000 749.008483887
226.000000000 749.008483887
225.000000000 749.008483887
224.000000000 749.008483887
223.000000000 749.008483887
222.000000000 749.008483887
221.000000000 749.008483887
220.000000000 749.008483887
219.000000000 749.008483887
218.000000000 749.008483887
217.000000000 749.008483887
216.000000000 749.008483887
215.000000000 749.008483887
214.000000000 749.008483887
213.000000000 749.008483887
212.000000000 749.008483887
211.000000000 749.008483887
210.000000000 749.008483887
209.000000000 749.008483887
208.000000000 749.008483887
207.000000000 749.008483887
206.000000000 749.008483887
205.000000000 749.008483887
204.000000000 749.008483887
203.000000000 789.714477539
202.000000000 789.714477539
201.000000000 789.714477539
200.000000000 789.714477539
199.000000000 789.714477539
198.000000000 789.714477539
197.000000000 789.714477539
196.000000000 789.714477539
195.000000000 789.714477539
194.000000000 789.714477539
193.000000000 789.714477539
192.000000000 789.714477539
191.000000000 789.714477539
190.000000000 789.714477539
189.000000000 789.714477539
188.000000000 789.714477539
187.000000000 789.714477539
186.000000000 789.714477539
185.000000000 789.714477539
184.000000000 789.714477539
183.000000000 789.714477539
182.000000000 789.714477539
181.000000000 841.252014160
180.000000000 841.252014160
