260.000000000 -33.464529997
259.000000000 -19.805372817
258.000000000 -29.295736420
257.000000000 -28.915191919
256.000000000 -29.242950555
255.000000000 -31.232664156
254.000000000 -31.937347604
253.000000000 -28.471103748
252.000000000 -28.773339223
251.000000000 -25.290349580
250.000000000 -28.302763377
249.000000000 -23.516837232
248.000000000 -25.821222230
247.000000000 -34.513626154
246.000000000 -21.702532652
245.000000000 -28.149207553
244.000000000 -24.248906975
243.000000000 -31.273538397
242.000000000 -26.582151172
241.000000000 -29.196084530
240.000000000 -29.246922153
239.000000000 -30.905462653
238.000000000 -30.668873335
237.000000000 -31.863629131
236.000000000 -33.426789661
235.000000000 -22.272864410
234.000000000 -32.410083542
233.000000000 -17.011717815
232.000000000 -22.825887661
231.000000000 -28.627984028
230.000000000 -25.455423504
229.000000000 -32.836499598
228.000000000 -17.495903733
227.000000000 -27.391718140
226.000000000 -33.210235985
225.000000000 -33.468658057
224.000000000 -33.286703950
223.000000000 -27.879782284
222.000000000 -24.615193919
221.000000000 -23.355373191
220.000000000 -16.227665465
219.000000000 -13.956733455
218.000000000 -20.846809621
217.000000000 -23.132377483
216.000000000 -34.171532124
215.000000000 -27.624219739
214.000000000 -11.862279876
213.000000000 -18.075713859
212.000000000 -20.150911897
211.000000000 -24.334685488
210.000000000 -13.549610457
209.000000000 -16.981343890
208.000000000 -12.409274204
207.000000000 -19.879500815
206.000000000 -12.284188364
205.000000000 -18.635616941
204.000000000 -10.340521329
203.000000000 -7.501314033
202.000000000 -16.653855230
201.000000000 -6.389991692
200.000000000 -10.391888162
199.000000000 -20.142279164
198.000000000 -15.469971327
197.000000000 -18.434631331
196.000000000 -1.552334248
195.000000000 -13.792600356
194.000000000 -9.895874294
193.000000000 -7.040579418
192.000000000 -5.981181536
191.000000000 -7.558202417
190.000000000 -9.855819632
189.000000000 0.486094899
188.000000000 4.065633147
187.000000000 -2.274191335
186.000000000 1.584654498
185.000000000 -8.559501666
184.000000000 -7.654998567
183.000000000 -13.765452060
182.000000000 -2.779898993
181.000000000 -29.553299048
180.000000000 -11.471666120
