260.000000000 -29.156066890
259.000000000 -23.866011732
258.000000000 -28.066855810
257.000000000 -34.693489639
256.000000000 -31.879845117
255.000000000 -28.716367286
254.000000000 -26.362060396
253.000000000 -29.798985084
252.000000000 -31.339020139
251.000000000 -27.347281142
250.000000000 -28.864164872
249.000000000 -26.891766462
248.000000000 -21.241965434
247.000000000 -23.286556823
246.000000000 -32.692989813
245.000000000 -30.268963663
244.000000000 -30.215629615
243.000000000 -26.404604502
242.000000000 -20.339307617
241.000000000 -31.982382312
240.000000000 -35.789305818
239.000000000 -18.315926736
238.000000000 -29.450135408
237.000000000 -32.086201130
236.000000000 -37.679375332
235.000000000 -25.435925657
234.000000000 -19.173126997
233.000000000 -35.321295620
232.000000000 -32.145116152
231.000000000 -26.768161442
230.000000000 -38.367645475
229.000000000 -30.888640610
228.000000000 -28.075662413
227.000000000 -20.940401595
226.000000000 -33.924816533
225.000000000 -15.281835205
224.000000000 -21.021700152
223.000000000 -27.249105370
222.000000000 -22.224257967
221.000000000 -23.917531867
220.000000000 -19.385509552
219.000000000 -18.004624934
218.000000000 -29.649419198
217.000000000 -22.834789923
216.000000000 -18.532531266
215.000000000 -29.210118031
214.000000000 -16.689511243
213.000000000 -13.459944859
212.000000000 -16.998879279
211.000000000 -11.018912169
210.000000000 -19.375989998
209.000000000 -14.455210213
208.000000000 -13.982936145
207.000000000 -16.090585817
206.000000000 -14.117813479
205.000000000 -11.844406179
204.000000000 -28.459333716
203.000000000 -16.687132787
202.000000000 -8.263474671
201.000000000 -23.018326180
200.000000000 -15.757789219
199.000000000 -20.207080565
198.000000000 -8.091456151
197.000000000 -11.012755740
196.000000000 -0.587459987
195.000000000 -17.849120915
194.000000000 -12.970853527
193.000000000 -13.770620974
192.000000000 -11.646165252
191.000000000 8.179188907
190.000000000 4.884086433
189.000000000 -1.603064668
188.000000000 1.462481761
187.000000000 0.624899432
186.000000000 -12.866413483
185.000000000 -10.734286974
184.000000000 -5.989645409
183.000000000 -5.189932257
182.000000000 -7.741815300
181.000000000 4.360676294
180.000000000 0.235212285
