260.000000000 -31.754593193
259.000000000 -29.102760543
258.000000000 -26.915538704
257.000000000 -26.807431688
256.000000000 -23.385671052
255.000000000 -22.736819530
254.000000000 -25.935155802
253.000000000 -24.399623490
252.000000000 -29.146834019
251.000000000 -28.948476323
250.000000000 -22.427026297
249.000000000 -24.835134126
248.000000000 -28.816281680
247.000000000 -24.540210941
246.000000000 -28.045162852
245.000000000 -23.749976420
244.000000000 -32.978559558
243.000000000 -29.170488972
242.000000000 -26.739045601
241.000000000 -24.433539124
240.000000000 -27.665026681
239.000000000 -22.865996370
238.000000000 -29.404516317
237.000000000 -26.498571004
236.000000000 -21.161896353
235.000000000 -25.730626627
234.000000000 -32.672047751
233.000000000 -23.113028818
232.000000000 -28.764078204
231.000000000 -26.699154586
230.000000000 -31.533750605
229.000000000 -30.101456411
228.000000000 -31.160766281
227.000000000 -24.046048955
226.000000000 -30.932312067
225.000000000 -19.909506254
224.000000000 -29.882304761
223.000000000 -20.660940791
222.000000000 -25.300691854
221.000000000 -26.135837829
220.000000000 -15.126407500
219.000000000 -33.838684001
218.000000000 -25.767397862
217.000000000 -15.446537789
216.000000000 -26.655152491
215.000000000 -30.053488760
214.000000000 -23.097053377
213.000000000 -20.130668140
212.000000000 -23.461373405
211.000000000 -21.645964439
210.000000000 -11.195230453
209.000000000 -18.138241683
208.000000000 -12.965143410
207.000000000 -21.958847345
206.000000000 -18.079449850
205.000000000 -12.618808532
204.000000000 -11.912520270
203.000000000 -13.096467216
202.000000000 -16.383106090
201.000000000 -8.539679513
200.000000000 -9.046117288
199.000000000 -19.131847168
198.000000000 -14.808224762
197.000000000 -17.027726221
196.000000000 -9.692978480
195.000000000 -18.884160470
194.000000000 -21.688852394
193.000000000 -7.334182582
192.000000000 2.978808487
191.000000000 -5.002119225
190.000000000 -6.818100655
189.000000000 -20.168925484
188.000000000 -12.952703741
187.000000000 -5.066318579
186.000000000 -8.546790057
185.000000000 -7.178654479
184.000000000 -10.649047081
183.000000000 -0.932926313
182.000000000 3.333701700
181.000000000 -2.053198266
180.000000000 7.098837663
