260.000000000 520.407775879
259.000000000 520.407775879
258.000000000 520.407775879
257.000000000 520.407775879
256.000000000 520.407775879
255.000000000 520.407775879
254.000000000 520.407775879
253.000000000 520.407775879
252.000000000 520.407775879
251.000000000 520.407775879
250.000000000 520.407775879
249.000000000 520.407775879
248.000000000 520.407775879
247.000000000 520.407775879
246.000000000 520.407775879
245.000000000 520.407775879
244.000000000 520.407775879
243.000000000 520.407775879
242.000000000 520.407775879
241.000000000 520.407775879
240.000000000 520.407775879
239.000000000 546.942199707
238.000000000 546.942199707
237.000000000 546.942199707
236.000000000 546.942199707
235.000000000 546.942199707
234.000000000 546.942199707
233.000000000 546.942199707
232.000000000 546.942199707
231.000000000 546.942199707
230.000000000 546.942199707
229.000000000 546.942199707
228.000000000 546.942199707
227.000000000 546.942199707
226.000000000 546.942199707
225.000000000 575.176696777
224.000000000 575.176696777
223.000000000 575.176696777
222.000000000 575.176696777
221.000000000 575.176696777
220.000000000 575.176696777
219.000000000 575.176696777
218.000000000 575.176696777
217.000000000 575.176696777
216.000000000 575.176696777
215.000000000 575.176696777
214.000000000 575.176696777
213.000000000 607.506225586
212.000000000 607.506225586
211.000000000 607.506225586
210.000000000 607.506225586
209.000000000 607.506225586
208.000000000 607.506225586
207.000000000 607.506225586
206.000000000 607.506225586
205.000000000 642.795471191
204.000000000 642.795471191
203.000000000 642.795471191
202.000000000 642.795471191
201.000000000 642.795471191
200.000000000 642.795471191
199.000000000 642.795471191
198.000000000 642.795471191
197.000000000 642.795471191
196.000000000 642.795471191
195.000000000 642.795471191
194.000000000 642.795471191
193.000000000 642.795471191
192.000000000 642.795471191
191.000000000 642.795471191
190.000000000 642.795471191
189.000000000 642.795471191
188.000000000 642.795471191
187.000000000 642.795471191
186.000000000 642.795471191
185.000000000 642.795471191
184.000000000 642.795471191
183.000000000 642.795471191
182.000000000 676.807800293
181.000000000 676.807800293
180.000000000 722.400512695
