260.000000000 457.774566650
259.000000000 457.774566650
258.000000000 457.774566650
257.000000000 457.774566650
256.000000000 457.774566650
255.000000000 457.774566650
254.000000000 457.774566650
253.000000000 457.774566650
252.000000000 457.774566650
251.000000000 457.774566650
250.000000000 457.774566650
249.000000000 457.774566650
248.000000000 457.774566650
247.000000000 457.774566650
246.000000000 457.774566650
245.000000000 457.774566650
244.000000000 457.774566650
243.000000000 457.774566650
242.000000000 457.774566650
241.000000000 480.684448242
240.000000000 480.684448242
239.000000000 480.684448242
238.000000000 480.684448242
237.000000000 480.684448242
236.000000000 480.684448242
235.000000000 480.684448242
234.000000000 480.684448242
233.000000000 480.684448242
232.000000000 480.684448242
231.000000000 480.684448242
230.000000000 480.684448242
229.000000000 503.936340332
228.000000000 503.936340332
227.000000000 503.936340332
226.000000000 503.936340332
225.000000000 503.936340332
224.000000000 503.936340332
223.000000000 503.936340332
222.000000000 503.936340332
221.000000000 503.936340332
220.000000000 503.936340332
219.000000000 503.936340332
218.000000000 503.936340332
217.000000000 527.541503906
216.000000000 527.541503906
215.000000000 527.541503906
214.000000000 527.541503906
213.000000000 527.541503906
212.000000000 527.541503906
211.000000000 527.541503906
210.000000000 527.541503906
209.000000000 527.541503906
208.000000000 553.804626465
207.000000000 553.804626465
206.000000000 553.804626465
205.000000000 553.804626465
204.000000000 553.804626465
203.000000000 553.804626465
202.000000000 553.804626465
201.000000000 553.804626465
200.000000000 553.804626465
199.000000000 553.804626465
198.000000000 553.804626465
197.000000000 553.804626465
196.000000000 553.804626465
195.000000000 553.804626465
194.000000000 579.848510742
193.000000000 579.848510742
192.000000000 579.848510742
191.000000000 579.848510742
190.000000000 579.848510742
189.000000000 579.848510742
188.000000000 579.848510742
187.000000000 579.848510742
186.000000000 579.848510742
185.000000000 579.848510742
184.000000000 579.848510742
183.000000000 579.848510742
182.000000000 613.796203613
181.000000000 613.796203613
180.000000000 645.845031738
