260.000000000 457.774566650
259.000000000 457.774566650
258.000000000 457.774566650
257.000000000 457.774566650
256.000000000 457.774566650
255.000000000 457.774566650
254.000000000 457.774566650
253.000000000 457.774566650
252.000000000 457.774566650
251.000000000 457.774566650
250.000000000 457.774566650
249.000000000 457.774566650
248.000000000 457.774566650
247.000000000 457.774566650
246.000000000 457.774566650
245.000000000 457.774566650
244.000000000 457.774566650
243.000000000 457.774566650
242.000000000 481.200286865
241.000000000 481.200286865
240.000000000 481.200286865
239.000000000 481.200286865
238.000000000 481.200286865
237.000000000 481.200286865
236.000000000 481.200286865
235.000000000 481.200286865
234.000000000 481.200286865
233.000000000 481.200286865
232.000000000 481.200286865
231.000000000 481.200286865
230.000000000 481.200286865
229.000000000 504.044616699
228.000000000 504.044616699
227.000000000 504.044616699
226.000000000 504.044616699
225.000000000 504.044616699
224.000000000 504.044616699
223.000000000 504.044616699
222.000000000 504.044616699
221.000000000 504.044616699
220.000000000 504.044616699
219.000000000 504.044616699
218.000000000 504.044616699
217.000000000 504.044616699
216.000000000 531.448242188
215.000000000 531.448242188
214.000000000 531.448242188
213.000000000 531.448242188
212.000000000 531.448242188
211.000000000 531.448242188
210.000000000 531.448242188
209.000000000 531.448242188
208.000000000 531.448242188
207.000000000 556.944946289
206.000000000 556.944946289
205.000000000 556.944946289
204.000000000 556.944946289
203.000000000 556.944946289
202.000000000 556.944946289
201.000000000 556.944946289
200.000000000 556.944946289
199.000000000 556.944946289
198.000000000 556.944946289
197.000000000 556.944946289
196.000000000 556.944946289
195.000000000 556.944946289
194.000000000 556.944946289
193.000000000 556.944946289
192.000000000 583.416320801
191.000000000 583.416320801
190.000000000 583.416320801
189.000000000 583.416320801
188.000000000 583.416320801
187.000000000 583.416320801
186.000000000 583.416320801
185.000000000 583.416320801
184.000000000 583.416320801
183.000000000 583.416320801
182.000000000 616.031982422
181.000000000 616.031982422
180.000000000 649.555114746
