260.000000000 520.407775879
259.000000000 520.407775879
258.000000000 520.407775879
257.000000000 520.407775879
256.000000000 520.407775879
255.000000000 520.407775879
254.000000000 520.407775879
253.000000000 520.407775879
252.000000000 520.407775879
251.000000000 520.407775879
250.000000000 520.407775879
249.000000000 520.407775879
248.000000000 520.407775879
247.000000000 520.407775879
246.000000000 520.407775879
245.000000000 520.407775879
244.000000000 520.407775879
243.000000000 520.407775879
242.000000000 520.407775879
241.000000000 520.407775879
240.000000000 520.407775879
239.000000000 520.407775879
238.000000000 546.210876465
237.000000000 546.210876465
236.000000000 546.210876465
235.000000000 546.210876465
234.000000000 546.210876465
233.000000000 546.210876465
232.000000000 546.210876465
231.000000000 546.210876465
230.000000000 546.210876465
229.000000000 546.210876465
228.000000000 546.210876465
227.000000000 546.210876465
226.000000000 546.210876465
225.000000000 575.284484863
224.000000000 575.284484863
223.000000000 575.284484863
222.000000000 575.284484863
221.000000000 575.284484863
220.000000000 575.284484863
219.000000000 575.284484863
218.000000000 575.284484863
217.000000000 575.284484863
216.000000000 575.284484863
215.000000000 575.284484863
214.000000000 575.284484863
213.000000000 605.703063965
212.000000000 605.703063965
211.000000000 605.703063965
210.000000000 605.703063965
209.000000000 605.703063965
208.000000000 605.703063965
207.000000000 605.703063965
206.000000000 637.815856934
205.000000000 637.815856934
204.000000000 637.815856934
203.000000000 637.815856934
202.000000000 637.815856934
201.000000000 637.815856934
200.000000000 637.815856934
199.000000000 637.815856934
198.000000000 637.815856934
197.000000000 637.815856934
196.000000000 637.815856934
195.000000000 637.815856934
194.000000000 637.815856934
193.000000000 637.815856934
192.000000000 637.815856934
191.000000000 637.815856934
190.000000000 637.815856934
189.000000000 637.815856934
188.000000000 637.815856934
187.000000000 637.815856934
186.000000000 637.815856934
185.000000000 637.815856934
184.000000000 637.815856934
183.000000000 637.815856934
182.000000000 678.121215820
181.000000000 678.121215820
180.000000000 722.775451660
