260.000000000 457.774566650
259.000000000 457.774566650
258.000000000 457.774566650
257.000000000 457.774566650
256.000000000 457.774566650
255.000000000 457.774566650
254.000000000 457.774566650
253.000000000 457.774566650
252.000000000 457.774566650
251.000000000 457.774566650
250.000000000 457.774566650
249.000000000 457.774566650
248.000000000 457.774566650
247.000000000 457.774566650
246.000000000 457.774566650
245.000000000 457.774566650
244.000000000 480.040924072
243.000000000 480.040924072
242.000000000 480.040924072
241.000000000 480.040924072
240.000000000 480.040924072
239.000000000 480.040924072
238.000000000 480.040924072
237.000000000 480.040924072
236.000000000 480.040924072
235.000000000 480.040924072
234.000000000 480.040924072
233.000000000 480.040924072
232.000000000 480.040924072
231.000000000 480.040924072
230.000000000 480.040924072
229.000000000 504.059570312
228.000000000 504.059570312
227.000000000 504.059570312
226.000000000 504.059570312
225.000000000 504.059570312
224.000000000 504.059570312
223.000000000 504.059570312
222.000000000 504.059570312
221.000000000 504.059570312
220.000000000 504.059570312
219.000000000 504.059570312
218.000000000 504.059570312
217.000000000 531.042541504
216.000000000 531.042541504
215.000000000 531.042541504
214.000000000 531.042541504
213.000000000 531.042541504
212.000000000 531.042541504
211.000000000 531.042541504
210.000000000 531.042541504
209.000000000 531.042541504
208.000000000 531.042541504
207.000000000 531.042541504
206.000000000 531.042541504
205.000000000 557.458679199
204.000000000 557.458679199
203.000000000 557.458679199
202.000000000 557.458679199
201.000000000 557.458679199
200.000000000 557.458679199
199.000000000 557.458679199
198.000000000 557.458679199
197.000000000 557.458679199
196.000000000 557.458679199
195.000000000 557.458679199
194.000000000 557.458679199
193.000000000 557.458679199
192.000000000 557.458679199
191.000000000 557.458679199
190.000000000 557.458679199
189.000000000 584.962341309
188.000000000 584.962341309
187.000000000 584.962341309
186.000000000 584.962341309
185.000000000 584.962341309
184.000000000 584.962341309
183.000000000 584.962341309
182.000000000 584.962341309
181.000000000 631.109069824
180.000000000 631.109069824
