260.000000000 520.407775879
259.000000000 520.407775879
258.000000000 520.407775879
257.000000000 520.407775879
256.000000000 520.407775879
255.000000000 520.407775879
254.000000000 520.407775879
253.000000000 520.407775879
252.000000000 520.407775879
251.000000000 520.407775879
250.000000000 520.407775879
249.000000000 520.407775879
248.000000000 520.407775879
247.000000000 520.407775879
246.000000000 520.407775879
245.000000000 520.407775879
244.000000000 520.407775879
243.000000000 520.407775879
242.000000000 520.407775879
241.000000000 520.407775879
240.000000000 520.407775879
239.000000000 546.966735840
238.000000000 546.966735840
237.000000000 546.966735840
236.000000000 546.966735840
235.000000000 546.966735840
234.000000000 546.966735840
233.000000000 546.966735840
232.000000000 546.966735840
231.000000000 546.966735840
230.000000000 546.966735840
229.000000000 546.966735840
228.000000000 546.966735840
227.000000000 546.966735840
226.000000000 574.050842285
225.000000000 574.050842285
224.000000000 574.050842285
223.000000000 574.050842285
222.000000000 574.050842285
221.000000000 574.050842285
220.000000000 574.050842285
219.000000000 574.050842285
218.000000000 574.050842285
217.000000000 574.050842285
216.000000000 574.050842285
215.000000000 602.007812500
214.000000000 602.007812500
213.000000000 602.007812500
212.000000000 602.007812500
211.000000000 602.007812500
210.000000000 602.007812500
209.000000000 602.007812500
208.000000000 602.007812500
207.000000000 631.309204102
206.000000000 631.309204102
205.000000000 631.309204102
204.000000000 631.309204102
203.000000000 631.309204102
202.000000000 631.309204102
201.000000000 631.309204102
200.000000000 631.309204102
199.000000000 631.309204102
198.000000000 631.309204102
197.000000000 631.309204102
196.000000000 631.309204102
195.000000000 631.309204102
194.000000000 631.309204102
193.000000000 631.309204102
192.000000000 631.309204102
191.000000000 631.309204102
190.000000000 631.309204102
189.000000000 631.309204102
188.000000000 631.309204102
187.000000000 631.309204102
186.000000000 631.309204102
185.000000000 631.309204102
184.000000000 631.309204102
183.000000000 662.427062988
182.000000000 662.427062988
181.000000000 698.014343262
180.000000000 698.014343262
