260.000000000 1.081507671
259.000000000 -0.225341420
258.000000000 0.431810429
257.000000000 0.795630642
256.000000000 0.724990558
255.000000000 1.012527030
254.000000000 1.608301941
253.000000000 0.929634277
252.000000000 1.581250909
251.000000000 1.493827761
250.000000000 1.105964592
249.000000000 1.141990727
248.000000000 1.437962590
247.000000000 2.101233843
246.000000000 2.098316344
245.000000000 2.112464208
244.000000000 0.884938233
243.000000000 1.166123566
242.000000000 2.092839142
241.000000000 0.715349128
240.000000000 2.184352144
239.000000000 1.422652730
238.000000000 1.524468615
237.000000000 2.669350229
236.000000000 1.759064875
235.000000000 2.115973462
234.000000000 0.721650865
233.000000000 0.259011036
232.000000000 1.283164267
231.000000000 1.237272260
230.000000000 0.069557606
229.000000000 -0.560841937
228.000000000 1.422035282
227.000000000 1.918051378
226.000000000 1.030949886
225.000000000 2.255858824
224.000000000 1.436047627
223.000000000 1.454387596
222.000000000 1.891655713
221.000000000 1.163042169
220.000000000 2.618040041
219.000000000 2.978579653
218.000000000 1.176287299
217.000000000 3.432548008
216.000000000 2.465676016
215.000000000 0.575443717
214.000000000 3.818547695
213.000000000 0.518808552
212.000000000 1.741767244
211.000000000 1.109628339
210.000000000 0.858660139
209.000000000 2.446559756
208.000000000 3.806944602
207.000000000 2.407425839
206.000000000 1.358419582
205.000000000 4.744119944
204.000000000 3.227496823
203.000000000 2.439081177
202.000000000 4.646328642
201.000000000 2.732298316
200.000000000 5.872186087
199.000000000 7.640386310
198.000000000 5.389229587
197.000000000 4.627138853
196.000000000 6.970832215
195.000000000 7.913493168
194.000000000 5.092387664
193.000000000 7.400625217
192.000000000 9.176939149
191.000000000 2.068720967
190.000000000 6.342040321
189.000000000 8.903984435
188.000000000 7.003546507
187.000000000 6.908623070
186.000000000 7.333023520
185.000000000 6.465461951
184.000000000 4.042762431
183.000000000 4.892557259
182.000000000 4.368949668
181.000000000 6.842939121
180.000000000 6.484179299
