260.000000000 0.645933385
259.000000000 1.354571999
258.000000000 0.699790039
257.000000000 -0.300839739
256.000000000 0.400516415
255.000000000 0.891512887
254.000000000 1.457570288
253.000000000 0.366439381
252.000000000 1.578457978
251.000000000 0.992448297
250.000000000 0.642487164
249.000000000 1.308607331
248.000000000 1.445345748
247.000000000 1.366552333
246.000000000 1.420761589
245.000000000 2.319741785
244.000000000 1.752887406
243.000000000 1.693716350
242.000000000 1.816822213
241.000000000 1.038087236
240.000000000 1.992772339
239.000000000 0.805786552
238.000000000 1.815418406
237.000000000 1.104487712
236.000000000 2.592335850
235.000000000 1.423938146
234.000000000 1.533277066
233.000000000 1.373425522
232.000000000 0.672948411
231.000000000 0.453878885
230.000000000 2.027890705
229.000000000 1.448517388
228.000000000 1.451602892
227.000000000 0.373699788
226.000000000 1.780642509
225.000000000 1.542701326
224.000000000 1.084190951
223.000000000 2.524223539
222.000000000 1.020799132
221.000000000 1.986464674
220.000000000 2.035774532
219.000000000 1.150328384
218.000000000 2.291737057
217.000000000 0.083951407
216.000000000 2.511608603
215.000000000 2.730119192
214.000000000 3.130149384
213.000000000 1.993171113
212.000000000 3.670692905
211.000000000 2.617162004
210.000000000 3.429992279
209.000000000 1.197399705
208.000000000 2.213768523
207.000000000 3.345061860
206.000000000 3.153862140
205.000000000 3.238130217
204.000000000 5.863026863
203.000000000 1.051734064
202.000000000 2.031125882
201.000000000 6.208043290
200.000000000 5.449795193
199.000000000 3.751897766
198.000000000 7.619383924
197.000000000 7.582654834
196.000000000 5.287809805
195.000000000 5.136890335
194.000000000 9.003399318
193.000000000 5.179107335
192.000000000 7.016457113
191.000000000 6.837175847
190.000000000 5.506068693
189.000000000 7.395850497
188.000000000 7.549484571
187.000000000 8.169490458
186.000000000 6.120378109
185.000000000 8.789724397
184.000000000 5.566212699
183.000000000 5.148136592
182.000000000 6.833728005
181.000000000 3.575138514
180.000000000 6.352845791
