260.000000000 1.629854186
259.000000000 1.021578331
258.000000000 1.592486028
257.000000000 0.793318457
256.000000000 -0.003011659
255.000000000 1.101576370
254.000000000 2.106319426
253.000000000 0.137536055
252.000000000 1.551793359
251.000000000 2.651042030
250.000000000 1.520455795
249.000000000 2.297567458
248.000000000 0.684136013
247.000000000 2.424955190
246.000000000 0.313369348
245.000000000 1.889725946
244.000000000 2.790774690
243.000000000 2.293606962
242.000000000 1.046429636
241.000000000 1.589108991
240.000000000 0.307945114
239.000000000 1.039285805
238.000000000 0.149747062
237.000000000 1.897116839
236.000000000 1.842824471
235.000000000 1.405152605
234.000000000 0.802810029
233.000000000 1.009824691
232.000000000 2.273061574
231.000000000 1.161945709
230.000000000 0.559169084
229.000000000 0.264993856
228.000000000 1.454378067
227.000000000 1.752460372
226.000000000 0.911035037
225.000000000 1.766330866
224.000000000 3.035222743
223.000000000 1.408270997
222.000000000 0.671374589
221.000000000 1.687669056
220.000000000 2.075003763
219.000000000 1.245426251
218.000000000 2.090043443
217.000000000 2.340319305
216.000000000 0.172737275
215.000000000 1.839645830
214.000000000 -0.269060044
213.000000000 3.030478380
212.000000000 2.249381270
211.000000000 -0.121202766
210.000000000 3.772483504
209.000000000 1.809291514
208.000000000 2.968086454
207.000000000 3.481304652
206.000000000 2.769472853
205.000000000 5.346178126
204.000000000 4.496652247
203.000000000 3.390415144
202.000000000 5.552841034
201.000000000 5.091235642
200.000000000 2.939936311
199.000000000 4.976265945
198.000000000 3.494350344
197.000000000 5.891890005
196.000000000 5.128378163
195.000000000 6.154004839
194.000000000 3.145627530
193.000000000 8.911623017
192.000000000 7.076921184
191.000000000 6.531960428
190.000000000 8.347914641
189.000000000 10.081088842
188.000000000 6.554396649
187.000000000 8.076975616
186.000000000 5.590492850
185.000000000 6.732126414
184.000000000 6.056171602
183.000000000 6.246949235
182.000000000 2.754005038
181.000000000 3.377712247
180.000000000 0.218813997
