260.000000000 457.774566650
259.000000000 457.774566650
258.000000000 457.774566650
257.000000000 457.774566650
256.000000000 457.774566650
255.000000000 457.774566650
254.000000000 457.774566650
253.000000000 457.774566650
252.000000000 457.774566650
251.000000000 457.774566650
250.000000000 457.774566650
249.000000000 457.774566650
248.000000000 457.774566650
247.000000000 457.774566650
246.000000000 457.774566650
245.000000000 457.774566650
244.000000000 457.774566650
243.000000000 482.407257080
242.000000000 482.407257080
241.000000000 482.407257080
240.000000000 482.407257080
239.000000000 482.407257080
238.000000000 482.407257080
237.000000000 482.407257080
236.000000000 482.407257080
235.000000000 482.407257080
234.000000000 482.407257080
233.000000000 482.407257080
232.000000000 482.407257080
231.000000000 482.407257080
230.000000000 482.407257080
229.000000000 482.407257080
228.000000000 505.587615967
227.000000000 505.587615967
226.000000000 505.587615967
225.000000000 505.587615967
224.000000000 505.587615967
223.000000000 505.587615967
222.000000000 505.587615967
221.000000000 505.587615967
220.000000000 505.587615967
219.000000000 505.587615967
218.000000000 505.587615967
217.000000000 505.587615967
216.000000000 529.414855957
215.000000000 529.414855957
214.000000000 529.414855957
213.000000000 529.414855957
212.000000000 529.414855957
211.000000000 529.414855957
210.000000000 529.414855957
209.000000000 529.414855957
208.000000000 529.414855957
207.000000000 555.256896973
206.000000000 555.256896973
205.000000000 555.256896973
204.000000000 555.256896973
203.000000000 555.256896973
202.000000000 555.256896973
201.000000000 555.256896973
200.000000000 555.256896973
199.000000000 555.256896973
198.000000000 555.256896973
197.000000000 555.256896973
196.000000000 555.256896973
195.000000000 555.256896973
194.000000000 555.256896973
193.000000000 555.256896973
192.000000000 555.256896973
191.000000000 584.358215332
190.000000000 584.358215332
189.000000000 584.358215332
188.000000000 584.358215332
187.000000000 584.358215332
186.000000000 584.358215332
185.000000000 584.358215332
184.000000000 584.358215332
183.000000000 584.358215332
182.000000000 617.059448242
181.000000000 617.059448242
180.000000000 650.881103516
