260.000000000 457.774566650
259.000000000 457.774566650
258.000000000 457.774566650
257.000000000 457.774566650
256.000000000 457.774566650
255.000000000 457.774566650
254.000000000 457.774566650
253.000000000 457.774566650
252.000000000 457.774566650
251.000000000 457.774566650
250.000000000 457.774566650
249.000000000 457.774566650
248.000000000 457.774566650
247.000000000 457.774566650
246.000000000 457.774566650
245.000000000 457.774566650
244.000000000 457.774566650
243.000000000 483.441253662
242.000000000 483.441253662
241.000000000 483.441253662
240.000000000 483.441253662
239.000000000 483.441253662
238.000000000 483.441253662
237.000000000 483.441253662
236.000000000 483.441253662
235.000000000 483.441253662
234.000000000 483.441253662
233.000000000 483.441253662
232.000000000 483.441253662
231.000000000 483.441253662
230.000000000 483.441253662
229.000000000 483.441253662
228.000000000 483.441253662
227.000000000 483.441253662
226.000000000 508.471221924
225.000000000 508.471221924
224.000000000 508.471221924
223.000000000 508.471221924
222.000000000 508.471221924
221.000000000 508.471221924
220.000000000 508.471221924
219.000000000 508.471221924
218.000000000 508.471221924
217.000000000 508.471221924
216.000000000 508.471221924
215.000000000 508.471221924
214.000000000 534.179382324
213.000000000 534.179382324
212.000000000 534.179382324
211.000000000 534.179382324
210.000000000 534.179382324
209.000000000 534.179382324
208.000000000 534.179382324
207.000000000 534.179382324
206.000000000 534.179382324
205.000000000 559.709716797
204.000000000 559.709716797
203.000000000 559.709716797
202.000000000 559.709716797
201.000000000 559.709716797
200.000000000 559.709716797
199.000000000 559.709716797
198.000000000 559.709716797
197.000000000 559.709716797
196.000000000 559.709716797
195.000000000 559.709716797
194.000000000 559.709716797
193.000000000 559.709716797
192.000000000 559.709716797
191.000000000 559.709716797
190.000000000 559.709716797
189.000000000 559.709716797
188.000000000 559.709716797
187.000000000 559.709716797
186.000000000 587.679321289
185.000000000 587.679321289
184.000000000 587.679321289
183.000000000 587.679321289
182.000000000 587.679321289
181.000000000 625.183288574
180.000000000 625.183288574
