260.000000000 457.774566650
259.000000000 457.774566650
258.000000000 457.774566650
257.000000000 457.774566650
256.000000000 457.774566650
255.000000000 457.774566650
254.000000000 457.774566650
253.000000000 457.774566650
252.000000000 457.774566650
251.000000000 457.774566650
250.000000000 457.774566650
249.000000000 457.774566650
248.000000000 457.774566650
247.000000000 457.774566650
246.000000000 457.774566650
245.000000000 457.774566650
244.000000000 457.774566650
243.000000000 457.774566650
242.000000000 484.306915283
241.000000000 484.306915283
240.000000000 484.306915283
239.000000000 484.306915283
238.000000000 484.306915283
237.000000000 484.306915283
236.000000000 484.306915283
235.000000000 484.306915283
234.000000000 484.306915283
233.000000000 484.306915283
232.000000000 484.306915283
231.000000000 484.306915283
230.000000000 484.306915283
229.000000000 484.306915283
228.000000000 484.306915283
227.000000000 484.306915283
226.000000000 508.734832764
225.000000000 508.734832764
224.000000000 508.734832764
223.000000000 508.734832764
222.000000000 508.734832764
221.000000000 508.734832764
220.000000000 508.734832764
219.000000000 508.734832764
218.000000000 508.734832764
217.000000000 508.734832764
216.000000000 508.734832764
215.000000000 508.734832764
214.000000000 533.954345703
213.000000000 533.954345703
212.000000000 533.954345703
211.000000000 533.954345703
210.000000000 533.954345703
209.000000000 533.954345703
208.000000000 533.954345703
207.000000000 533.954345703
206.000000000 533.954345703
205.000000000 559.386352539
204.000000000 559.386352539
203.000000000 559.386352539
202.000000000 559.386352539
201.000000000 559.386352539
200.000000000 559.386352539
199.000000000 559.386352539
198.000000000 559.386352539
197.000000000 559.386352539
196.000000000 559.386352539
195.000000000 559.386352539
194.000000000 559.386352539
193.000000000 559.386352539
192.000000000 559.386352539
191.000000000 559.386352539
190.000000000 559.386352539
189.000000000 559.386352539
188.000000000 585.595458984
187.000000000 585.595458984
186.000000000 585.595458984
185.000000000 585.595458984
184.000000000 585.595458984
183.000000000 585.595458984
182.000000000 585.595458984
181.000000000 625.708923340
180.000000000 625.708923340
