260.000000000 1.838333324
259.000000000 2.856227996
258.000000000 3.032635650
257.000000000 3.422659588
256.000000000 0.884502446
255.000000000 2.374241858
254.000000000 0.387868273
253.000000000 1.506211456
252.000000000 0.531374102
251.000000000 2.580546482
250.000000000 2.194718921
249.000000000 3.220295808
248.000000000 1.515617330
247.000000000 1.835494960
246.000000000 1.144199122
245.000000000 4.123313764
244.000000000 2.029892744
243.000000000 1.300022669
242.000000000 1.224691618
241.000000000 2.573657024
240.000000000 2.938006254
239.000000000 2.185528737
238.000000000 3.419524793
237.000000000 1.962461624
236.000000000 4.294997209
235.000000000 1.464417807
234.000000000 2.203890834
233.000000000 3.820845238
232.000000000 2.426750199
231.000000000 2.364171505
230.000000000 3.482457837
229.000000000 1.032338604
228.000000000 1.446599529
227.000000000 1.888861073
226.000000000 1.586312437
225.000000000 1.967322462
224.000000000 1.999114556
223.000000000 1.856371211
222.000000000 2.412378505
221.000000000 2.281867125
220.000000000 3.519252716
219.000000000 3.970523126
218.000000000 2.893000779
217.000000000 3.461744859
216.000000000 2.911873402
215.000000000 1.925834248
214.000000000 3.352622940
213.000000000 3.990197023
212.000000000 4.098451311
211.000000000 3.407866581
210.000000000 3.589750602
209.000000000 2.400178897
208.000000000 5.977803772
207.000000000 4.522973762
206.000000000 1.693773239
205.000000000 2.601722295
204.000000000 3.631402242
203.000000000 6.993001495
202.000000000 4.414398744
201.000000000 5.030005722
200.000000000 9.050218067
199.000000000 5.973099746
198.000000000 7.689199570
197.000000000 7.829193727
196.000000000 11.540942566
195.000000000 11.994598547
194.000000000 8.084194669
193.000000000 8.673721023
192.000000000 6.513850551
191.000000000 12.360759862
190.000000000 11.594515088
189.000000000 9.904601019
188.000000000 7.161982325
187.000000000 8.916546366
186.000000000 10.233907022
185.000000000 6.234188130
184.000000000 7.744634034
183.000000000 6.115082567
182.000000000 10.386773117
181.000000000 3.966226831
180.000000000 7.372742642
