260.000000000 0.851052379
259.000000000 1.918094827
258.000000000 1.257955927
257.000000000 1.816462114
256.000000000 0.374871991
255.000000000 2.330347055
254.000000000 2.975948546
253.000000000 1.468883702
252.000000000 2.928732392
251.000000000 0.618574527
250.000000000 2.336901791
249.000000000 -0.578940148
248.000000000 1.832711613
247.000000000 2.678359073
246.000000000 1.826630270
245.000000000 3.222454197
244.000000000 2.015893844
243.000000000 2.380817863
242.000000000 2.263090679
241.000000000 1.877376273
240.000000000 1.304010749
239.000000000 1.511756686
238.000000000 2.741968647
237.000000000 1.673401439
236.000000000 2.463835517
235.000000000 0.768299604
234.000000000 2.443970395
233.000000000 0.994784511
232.000000000 0.909902610
231.000000000 0.538525377
230.000000000 0.545188055
229.000000000 1.762516267
228.000000000 1.722353486
227.000000000 1.697534052
226.000000000 3.304896980
225.000000000 1.393755105
224.000000000 0.981787850
223.000000000 3.521941158
222.000000000 1.289914722
221.000000000 1.243218108
220.000000000 3.229397405
219.000000000 3.960644265
218.000000000 2.154522189
217.000000000 2.694943309
216.000000000 2.420162468
215.000000000 1.837725167
214.000000000 3.289165764
213.000000000 3.899403038
212.000000000 3.252837795
211.000000000 4.026562026
210.000000000 2.971613243
209.000000000 3.536915638
208.000000000 3.925664245
207.000000000 3.504639950
206.000000000 5.085320211
205.000000000 3.826094492
204.000000000 2.690988983
203.000000000 2.929685479
202.000000000 6.763912245
201.000000000 4.966335055
200.000000000 6.041599332
199.000000000 4.544819257
198.000000000 7.465975585
197.000000000 7.535264122
196.000000000 9.598873446
195.000000000 8.310670641
194.000000000 5.999910063
193.000000000 8.544834987
192.000000000 6.829867641
191.000000000 9.443144203
190.000000000 8.230252769
189.000000000 7.944503639
188.000000000 9.651804591
187.000000000 5.935646994
186.000000000 11.594911220
185.000000000 12.355566195
184.000000000 12.257487998
183.000000000 6.965910118
182.000000000 8.385762903
181.000000000 3.186921185
180.000000000 10.885893107
