260.000000000 0.834780380
259.000000000 2.302021525
258.000000000 2.419482207
257.000000000 1.888147921
256.000000000 2.289392545
255.000000000 2.016452327
254.000000000 3.121141899
253.000000000 0.992183175
252.000000000 3.343677592
251.000000000 1.775390203
250.000000000 0.918232014
249.000000000 2.630419481
248.000000000 2.804121751
247.000000000 1.170504124
246.000000000 1.681448847
245.000000000 2.034506096
244.000000000 2.829303640
243.000000000 2.706740822
242.000000000 2.360819189
241.000000000 2.640704325
240.000000000 1.231748748
239.000000000 2.478499221
238.000000000 1.563976280
237.000000000 2.701626276
236.000000000 2.358006448
235.000000000 2.150864924
234.000000000 3.258804984
233.000000000 3.323952620
232.000000000 3.086852630
231.000000000 1.236234771
230.000000000 0.582757680
229.000000000 1.353590387
228.000000000 1.605130492
227.000000000 2.861552431
226.000000000 1.085750819
225.000000000 2.144194650
224.000000000 4.138273373
223.000000000 2.131145867
222.000000000 2.809247387
221.000000000 3.054619473
220.000000000 2.392399587
219.000000000 4.025223156
218.000000000 2.761166513
217.000000000 3.415654731
216.000000000 1.702435920
215.000000000 3.311601277
214.000000000 3.955222822
213.000000000 4.297825909
212.000000000 6.150284435
211.000000000 2.198775393
210.000000000 -0.357021365
209.000000000 4.813375833
208.000000000 3.858619457
207.000000000 0.581554634
206.000000000 2.994309551
205.000000000 4.410554482
204.000000000 5.734326750
203.000000000 4.795466049
202.000000000 4.636278375
201.000000000 3.527361811
200.000000000 5.184129054
199.000000000 8.445482258
198.000000000 9.859511513
197.000000000 9.826221720
196.000000000 6.384228495
195.000000000 7.603687934
194.000000000 5.773310168
193.000000000 9.119423786
192.000000000 10.167406976
191.000000000 13.116988161
190.000000000 13.041222160
189.000000000 6.124358823
188.000000000 9.082808490
187.000000000 9.082227643
186.000000000 9.929042295
185.000000000 9.901658387
184.000000000 5.362449282
183.000000000 5.654062255
182.000000000 4.977248784
181.000000000 11.534863487
180.000000000 5.424008542
