260.000000000 676.011291504
259.000000000 676.011291504
258.000000000 676.011291504
257.000000000 676.011291504
256.000000000 676.011291504
255.000000000 676.011291504
254.000000000 676.011291504
253.000000000 676.011291504
252.000000000 676.011291504
251.000000000 676.011291504
250.000000000 676.011291504
249.000000000 676.011291504
248.000000000 676.011291504
247.000000000 676.011291504
246.000000000 676.011291504
245.000000000 676.011291504
244.000000000 676.011291504
243.000000000 676.011291504
242.000000000 711.794616699
241.000000000 711.794616699
240.000000000 711.794616699
239.000000000 711.794616699
238.000000000 711.794616699
237.000000000 711.794616699
236.000000000 711.794616699
235.000000000 711.794616699
234.000000000 711.794616699
233.000000000 711.794616699
232.000000000 711.794616699
231.000000000 711.794616699
230.000000000 711.794616699
229.000000000 711.794616699
228.000000000 711.794616699
227.000000000 711.794616699
226.000000000 711.794616699
225.000000000 711.794616699
224.000000000 711.794616699
223.000000000 711.794616699
222.000000000 711.794616699
221.000000000 747.109069824
220.000000000 747.109069824
219.000000000 747.109069824
218.000000000 747.109069824
217.000000000 747.109069824
216.000000000 747.109069824
215.000000000 747.109069824
214.000000000 747.109069824
213.000000000 747.109069824
212.000000000 747.109069824
211.000000000 747.109069824
210.000000000 747.109069824
209.000000000 747.109069824
208.000000000 747.109069824
207.000000000 747.109069824
206.000000000 747.109069824
205.000000000 747.109069824
204.000000000 747.109069824
203.000000000 747.109069824
202.000000000 747.109069824
201.000000000 747.109069824
200.000000000 747.109069824
199.000000000 747.109069824
198.000000000 747.109069824
197.000000000 747.109069824
196.000000000 747.109069824
195.000000000 747.109069824
194.000000000 747.109069824
193.000000000 747.109069824
192.000000000 747.109069824
191.000000000 747.109069824
190.000000000 747.109069824
189.000000000 747.109069824
188.000000000 747.109069824
187.000000000 747.109069824
186.000000000 747.109069824
185.000000000 747.109069824
184.000000000 747.109069824
183.000000000 747.109069824
182.000000000 747.109069824
181.000000000 790.510253906
180.000000000 790.510253906
