260.000000000 676.011291504
259.000000000 676.011291504
258.000000000 676.011291504
257.000000000 676.011291504
256.000000000 676.011291504
255.000000000 676.011291504
254.000000000 676.011291504
253.000000000 676.011291504
252.000000000 676.011291504
251.000000000 676.011291504
250.000000000 676.011291504
249.000000000 676.011291504
248.000000000 676.011291504
247.000000000 676.011291504
246.000000000 676.011291504
245.000000000 708.810546875
244.000000000 708.810546875
243.000000000 708.810546875
242.000000000 708.810546875
241.000000000 708.810546875
240.000000000 708.810546875
239.000000000 708.810546875
238.000000000 708.810546875
237.000000000 708.810546875
236.000000000 708.810546875
235.000000000 708.810546875
234.000000000 708.810546875
233.000000000 708.810546875
232.000000000 708.810546875
231.000000000 708.810546875
230.000000000 708.810546875
229.000000000 708.810546875
228.000000000 708.810546875
227.000000000 708.810546875
226.000000000 708.810546875
225.000000000 708.810546875
224.000000000 708.810546875
223.000000000 708.810546875
222.000000000 744.773254395
221.000000000 744.773254395
220.000000000 744.773254395
219.000000000 744.773254395
218.000000000 744.773254395
217.000000000 744.773254395
216.000000000 744.773254395
215.000000000 744.773254395
214.000000000 744.773254395
213.000000000 744.773254395
212.000000000 744.773254395
211.000000000 744.773254395
210.000000000 744.773254395
209.000000000 744.773254395
208.000000000 744.773254395
207.000000000 744.773254395
206.000000000 744.773254395
205.000000000 744.773254395
204.000000000 744.773254395
203.000000000 744.773254395
202.000000000 779.616149902
201.000000000 779.616149902
200.000000000 779.616149902
199.000000000 779.616149902
198.000000000 779.616149902
197.000000000 779.616149902
196.000000000 779.616149902
195.000000000 779.616149902
194.000000000 779.616149902
193.000000000 779.616149902
192.000000000 779.616149902
191.000000000 779.616149902
190.000000000 779.616149902
189.000000000 779.616149902
188.000000000 779.616149902
187.000000000 751.002563477
186.000000000 751.002563477
185.000000000 751.002563477
184.000000000 751.002563477
183.000000000 751.002563477
182.000000000 751.002563477
181.000000000 789.668884277
180.000000000 789.668884277
