260.000000000 676.011291504
259.000000000 676.011291504
258.000000000 676.011291504
257.000000000 676.011291504
256.000000000 676.011291504
255.000000000 676.011291504
254.000000000 676.011291504
253.000000000 676.011291504
252.000000000 676.011291504
251.000000000 676.011291504
250.000000000 676.011291504
249.000000000 676.011291504
248.000000000 676.011291504
247.000000000 676.011291504
246.000000000 676.011291504
245.000000000 676.011291504
244.000000000 676.011291504
243.000000000 676.011291504
242.000000000 707.915832520
241.000000000 707.915832520
240.000000000 707.915832520
239.000000000 707.915832520
238.000000000 707.915832520
237.000000000 707.915832520
236.000000000 707.915832520
235.000000000 707.915832520
234.000000000 707.915832520
233.000000000 707.915832520
232.000000000 707.915832520
231.000000000 707.915832520
230.000000000 707.915832520
229.000000000 707.915832520
228.000000000 707.915832520
227.000000000 707.915832520
226.000000000 707.915832520
225.000000000 707.915832520
224.000000000 742.307128906
223.000000000 742.307128906
222.000000000 742.307128906
221.000000000 742.307128906
220.000000000 742.307128906
219.000000000 742.307128906
218.000000000 742.307128906
217.000000000 742.307128906
216.000000000 742.307128906
215.000000000 742.307128906
214.000000000 742.307128906
213.000000000 742.307128906
212.000000000 742.307128906
211.000000000 742.307128906
210.000000000 742.307128906
209.000000000 742.307128906
208.000000000 742.307128906
207.000000000 742.307128906
206.000000000 742.307128906
205.000000000 742.307128906
204.000000000 742.307128906
203.000000000 778.162719727
202.000000000 778.162719727
201.000000000 778.162719727
200.000000000 778.162719727
199.000000000 778.162719727
198.000000000 778.162719727
197.000000000 778.162719727
196.000000000 778.162719727
195.000000000 778.162719727
194.000000000 778.162719727
193.000000000 778.162719727
192.000000000 778.162719727
191.000000000 778.162719727
190.000000000 778.162719727
189.000000000 778.162719727
188.000000000 752.678771973
187.000000000 752.678771973
186.000000000 752.678771973
185.000000000 752.678771973
184.000000000 752.678771973
183.000000000 752.678771973
182.000000000 752.678771973
181.000000000 790.627502441
180.000000000 790.627502441
