260.000000000 -12.310246703
259.000000000 -18.030343930
258.000000000 -19.745867481
257.000000000 -11.902667685
256.000000000 -14.392521043
255.000000000 -21.826553487
254.000000000 -21.349305091
253.000000000 -15.996091473
252.000000000 -12.972952084
251.000000000 -16.836299719
250.000000000 -13.234660951
249.000000000 -18.341938719
248.000000000 -17.765599031
247.000000000 -22.756236826
246.000000000 -14.591904329
245.000000000 -20.696126536
244.000000000 -19.909028074
243.000000000 -16.304289870
242.000000000 -21.692814655
241.000000000 -19.544304961
240.000000000 -29.041195036
239.000000000 -19.640052017
238.000000000 -21.123664633
237.000000000 -17.571187068
236.000000000 -17.687805972
235.000000000 -19.939735849
234.000000000 -26.261769746
233.000000000 -23.357963688
232.000000000 -17.143130052
231.000000000 -28.680148461
230.000000000 -23.750018842
229.000000000 -23.712524762
228.000000000 -21.544998522
227.000000000 -8.317178557
226.000000000 -18.263516755
225.000000000 -35.157075760
224.000000000 -26.513167833
223.000000000 -17.414619605
222.000000000 -19.959522874
221.000000000 -26.606881201
220.000000000 -14.921985368
219.000000000 -14.848868049
218.000000000 -15.387714275
217.000000000 -21.681654712
216.000000000 -20.497354158
215.000000000 -15.709585245
214.000000000 -20.833496112
213.000000000 -13.375986782
212.000000000 -24.196832467
211.000000000 -20.473794837
210.000000000 -24.233135660
209.000000000 -12.476052864
208.000000000 -18.575051878
207.000000000 -20.469324501
206.000000000 -12.702839456
205.000000000 -14.849340956
204.000000000 -16.995115751
203.000000000 -8.936541964
202.000000000 -21.391100810
201.000000000 -21.139180275
200.000000000 -17.960311303
199.000000000 -14.364038304
198.000000000 -16.167252625
197.000000000 -19.115484443
196.000000000 -9.722686486
195.000000000 -12.430360671
194.000000000 -2.793005580
193.000000000 -10.152852324
192.000000000 -3.520078333
191.000000000 -5.240914585
190.000000000 -8.498122569
189.000000000 -2.355061308
188.000000000 -2.160207902
187.000000000 -4.786701432
186.000000000 -5.528903616
185.000000000 0.637910809
184.000000000 -5.112884613
183.000000000 -5.635219940
182.000000000 4.400401099
181.000000000 -1.626133446
180.000000000 -0.619371915
