260.000000000 -18.289127988
259.000000000 -19.985091322
258.000000000 -11.893765215
257.000000000 -16.959300375
256.000000000 -14.429551669
255.000000000 -6.982758660
254.000000000 -11.482012222
253.000000000 -10.321861471
252.000000000 -18.307111450
251.000000000 -22.865939481
250.000000000 -9.302745825
249.000000000 -18.138506093
248.000000000 -9.641545719
247.000000000 -24.527067370
246.000000000 -15.217268451
245.000000000 -19.448314079
244.000000000 -18.678607523
243.000000000 -22.447161113
242.000000000 -13.532337270
241.000000000 -18.780818691
240.000000000 -22.956175516
239.000000000 -20.972906914
238.000000000 -22.030171044
237.000000000 -22.726170665
236.000000000 -23.422506962
235.000000000 -13.695511360
234.000000000 -18.932916355
233.000000000 -20.449682407
232.000000000 -20.833538021
231.000000000 -22.271423889
230.000000000 -19.818012598
229.000000000 -18.133397809
228.000000000 -17.136785058
227.000000000 -24.506222456
226.000000000 -23.623642186
225.000000000 -25.280545551
224.000000000 -19.883005365
223.000000000 -16.866951019
222.000000000 -16.223068291
221.000000000 -19.733339940
220.000000000 -24.350242219
219.000000000 -23.720318529
218.000000000 -20.176094198
217.000000000 -15.907171642
216.000000000 -17.998930809
215.000000000 -17.387770843
214.000000000 -25.770966967
213.000000000 -22.654066582
212.000000000 -14.699745816
211.000000000 -13.479704835
210.000000000 -20.907515296
209.000000000 -21.141986076
208.000000000 -13.477018221
207.000000000 -24.245844740
206.000000000 -21.329321409
205.000000000 -26.799151686
204.000000000 -11.344192865
203.000000000 -19.942291478
202.000000000 -10.507417436
201.000000000 -13.550834201
200.000000000 -1.528540473
199.000000000 -14.913207001
198.000000000 -7.253866069
197.000000000 -2.464167473
196.000000000 -15.842604178
195.000000000 -1.486131197
194.000000000 -8.385384676
193.000000000 -14.814934881
192.000000000 -7.848383968
191.000000000 -2.234268580
190.000000000 -20.438890106
189.000000000 -4.225140726
188.000000000 -4.900698911
187.000000000 -11.889766498
186.000000000 0.087412399
185.000000000 -7.042258115
184.000000000 -4.952838858
183.000000000 -8.456446647
182.000000000 -0.878850486
181.000000000 -1.453783892
180.000000000 -11.948271746
