260.000000000 -17.035396420
259.000000000 -18.706645292
258.000000000 -24.006234069
257.000000000 -17.190123338
256.000000000 -11.050301010
255.000000000 -18.711068886
254.000000000 -16.501655133
253.000000000 -14.917806006
252.000000000 -16.843997533
251.000000000 -15.523961399
250.000000000 -22.592510719
249.000000000 -16.814065306
248.000000000 -12.634533958
247.000000000 -20.144264370
246.000000000 -8.692098981
245.000000000 -16.966318819
244.000000000 -17.925545601
243.000000000 -21.162598491
242.000000000 -13.349410619
241.000000000 -20.696390642
240.000000000 -22.241478115
239.000000000 -24.214170732
238.000000000 -13.980061283
237.000000000 -8.438306801
236.000000000 -12.811092282
235.000000000 -26.455525274
234.000000000 -21.843163748
233.000000000 -16.864535314
232.000000000 -23.357740473
231.000000000 -21.041990248
230.000000000 -13.430053961
229.000000000 -23.884038709
228.000000000 -25.404481922
227.000000000 -20.372378082
226.000000000 -30.718540411
225.000000000 -17.812247959
224.000000000 -23.352918074
223.000000000 -16.846764674
222.000000000 -16.823784467
221.000000000 -10.985633892
220.000000000 -31.617439798
219.000000000 -19.343495632
218.000000000 -25.163134736
217.000000000 -14.491319180
216.000000000 -19.138406247
215.000000000 -15.189031915
214.000000000 -18.608150189
213.000000000 -23.320689129
212.000000000 -18.482038299
211.000000000 -11.331478231
210.000000000 -31.511399723
209.000000000 -12.641006944
208.000000000 -16.101322799
207.000000000 -18.212925245
206.000000000 -29.019572069
205.000000000 1.835546717
204.000000000 -13.804071360
203.000000000 -6.089633137
202.000000000 -6.127701638
201.000000000 -19.542445204
200.000000000 -11.433353381
199.000000000 -14.102432950
198.000000000 -18.914490183
197.000000000 -12.191739044
196.000000000 -5.491571406
195.000000000 -14.226837410
194.000000000 -5.877153122
193.000000000 -2.860548863
192.000000000 -3.112067562
191.000000000 2.979150483
190.000000000 0.087859123
189.000000000 -9.463936489
188.000000000 -14.120524050
187.000000000 -5.058856295
186.000000000 -6.962580477
185.000000000 -0.843431846
184.000000000 -0.509465662
183.000000000 -0.361139380
182.000000000 -3.911270732
181.000000000 -6.673851504
180.000000000 -7.045069504
