260.000000000 461.606872559
259.000000000 461.606872559
258.000000000 461.606872559
257.000000000 461.606872559
256.000000000 461.606872559
255.000000000 461.606872559
254.000000000 461.606872559
253.000000000 461.606872559
252.000000000 461.606872559
251.000000000 461.606872559
250.000000000 461.606872559
249.000000000 461.606872559
248.000000000 461.606872559
247.000000000 461.606872559
246.000000000 461.606872559
245.000000000 461.606872559
244.000000000 461.606872559
243.000000000 483.353027344
242.000000000 483.353027344
241.000000000 483.353027344
240.000000000 483.353027344
239.000000000 483.353027344
238.000000000 483.353027344
237.000000000 483.353027344
236.000000000 483.353027344
235.000000000 483.353027344
234.000000000 483.353027344
233.000000000 483.353027344
232.000000000 483.353027344
231.000000000 508.739837646
230.000000000 508.739837646
229.000000000 508.739837646
228.000000000 508.739837646
227.000000000 508.739837646
226.000000000 508.739837646
225.000000000 508.739837646
224.000000000 508.739837646
223.000000000 508.739837646
222.000000000 508.739837646
221.000000000 508.739837646
220.000000000 533.984375000
219.000000000 533.984375000
218.000000000 533.984375000
217.000000000 533.984375000
216.000000000 533.984375000
215.000000000 533.984375000
214.000000000 533.984375000
213.000000000 533.984375000
212.000000000 533.984375000
211.000000000 533.984375000
210.000000000 559.047973633
209.000000000 559.047973633
208.000000000 559.047973633
207.000000000 559.047973633
206.000000000 559.047973633
205.000000000 559.047973633
204.000000000 559.047973633
203.000000000 586.811401367
202.000000000 586.811401367
201.000000000 586.811401367
200.000000000 586.811401367
199.000000000 586.811401367
198.000000000 586.811401367
197.000000000 586.811401367
196.000000000 586.811401367
195.000000000 586.811401367
194.000000000 615.512756348
193.000000000 615.512756348
192.000000000 615.512756348
191.000000000 615.512756348
190.000000000 615.512756348
189.000000000 615.512756348
188.000000000 615.512756348
187.000000000 615.512756348
186.000000000 615.512756348
185.000000000 615.512756348
184.000000000 615.512756348
183.000000000 615.512756348
182.000000000 615.512756348
181.000000000 662.609741211
180.000000000 662.609741211
