260.000000000 520.407775879
259.000000000 520.407775879
258.000000000 520.407775879
257.000000000 520.407775879
256.000000000 520.407775879
255.000000000 520.407775879
254.000000000 520.407775879
253.000000000 546.043090820
252.000000000 546.043090820
251.000000000 546.043090820
250.000000000 546.043090820
249.000000000 546.043090820
248.000000000 546.043090820
247.000000000 546.043090820
246.000000000 546.043090820
245.000000000 546.043090820
244.000000000 546.043090820
243.000000000 546.043090820
242.000000000 546.043090820
241.000000000 546.043090820
240.000000000 546.043090820
239.000000000 546.043090820
238.000000000 574.814575195
237.000000000 574.814575195
236.000000000 574.814575195
235.000000000 574.814575195
234.000000000 574.814575195
233.000000000 574.814575195
232.000000000 574.814575195
231.000000000 574.814575195
230.000000000 574.814575195
229.000000000 574.814575195
228.000000000 574.814575195
227.000000000 574.814575195
226.000000000 604.449707031
225.000000000 604.449707031
224.000000000 604.449707031
223.000000000 604.449707031
222.000000000 604.449707031
221.000000000 604.449707031
220.000000000 604.449707031
219.000000000 604.449707031
218.000000000 604.449707031
217.000000000 604.449707031
216.000000000 635.484191895
215.000000000 635.484191895
214.000000000 635.484191895
213.000000000 635.484191895
212.000000000 635.484191895
211.000000000 635.484191895
210.000000000 635.484191895
209.000000000 635.484191895
208.000000000 670.986206055
207.000000000 670.986206055
206.000000000 670.986206055
205.000000000 670.986206055
204.000000000 670.986206055
203.000000000 670.986206055
202.000000000 705.218811035
201.000000000 705.218811035
200.000000000 705.218811035
199.000000000 705.218811035
198.000000000 705.218811035
197.000000000 705.218811035
196.000000000 705.218811035
195.000000000 705.218811035
194.000000000 705.218811035
193.000000000 705.218811035
192.000000000 705.218811035
191.000000000 705.218811035
190.000000000 705.218811035
189.000000000 705.218811035
188.000000000 705.218811035
187.000000000 705.218811035
186.000000000 705.218811035
185.000000000 705.218811035
184.000000000 705.218811035
183.000000000 705.218811035
182.000000000 749.963500977
181.000000000 749.963500977
180.000000000 798.609619141
