260.000000000 461.606872559
259.000000000 461.606872559
258.000000000 461.606872559
257.000000000 461.606872559
256.000000000 461.606872559
255.000000000 461.606872559
254.000000000 461.606872559
253.000000000 461.606872559
252.000000000 461.606872559
251.000000000 461.606872559
250.000000000 461.606872559
249.000000000 461.606872559
248.000000000 461.606872559
247.000000000 461.606872559
246.000000000 461.606872559
245.000000000 483.454010010
244.000000000 483.454010010
243.000000000 483.454010010
242.000000000 483.454010010
241.000000000 483.454010010
240.000000000 483.454010010
239.000000000 483.454010010
238.000000000 483.454010010
237.000000000 483.454010010
236.000000000 483.454010010
235.000000000 483.454010010
234.000000000 483.454010010
233.000000000 483.454010010
232.000000000 483.454010010
231.000000000 506.974945068
230.000000000 506.974945068
229.000000000 506.974945068
228.000000000 506.974945068
227.000000000 506.974945068
226.000000000 506.974945068
225.000000000 506.974945068
224.000000000 506.974945068
223.000000000 506.974945068
222.000000000 506.974945068
221.000000000 506.974945068
220.000000000 532.062805176
219.000000000 532.062805176
218.000000000 532.062805176
217.000000000 532.062805176
216.000000000 532.062805176
215.000000000 532.062805176
214.000000000 532.062805176
213.000000000 532.062805176
212.000000000 532.062805176
211.000000000 532.062805176
210.000000000 561.136291504
209.000000000 561.136291504
208.000000000 561.136291504
207.000000000 561.136291504
206.000000000 561.136291504
205.000000000 561.136291504
204.000000000 561.136291504
203.000000000 561.136291504
202.000000000 588.679687500
201.000000000 588.679687500
200.000000000 588.679687500
199.000000000 588.679687500
198.000000000 588.679687500
197.000000000 588.679687500
196.000000000 588.679687500
195.000000000 588.679687500
194.000000000 616.389343262
193.000000000 616.389343262
192.000000000 616.389343262
191.000000000 616.389343262
190.000000000 616.389343262
189.000000000 616.389343262
188.000000000 616.389343262
187.000000000 616.389343262
186.000000000 616.389343262
185.000000000 616.389343262
184.000000000 616.389343262
183.000000000 616.389343262
182.000000000 654.388916016
181.000000000 654.388916016
180.000000000 654.388916016
