260.000000000 520.407775879
259.000000000 520.407775879
258.000000000 520.407775879
257.000000000 520.407775879
256.000000000 547.639953613
255.000000000 547.639953613
254.000000000 547.639953613
253.000000000 547.639953613
252.000000000 547.639953613
251.000000000 547.639953613
250.000000000 547.639953613
249.000000000 547.639953613
248.000000000 547.639953613
247.000000000 547.639953613
246.000000000 547.639953613
245.000000000 547.639953613
244.000000000 547.639953613
243.000000000 547.639953613
242.000000000 547.639953613
241.000000000 547.639953613
240.000000000 547.639953613
239.000000000 547.639953613
238.000000000 574.625549316
237.000000000 574.625549316
236.000000000 574.625549316
235.000000000 574.625549316
234.000000000 574.625549316
233.000000000 574.625549316
232.000000000 574.625549316
231.000000000 574.625549316
230.000000000 574.625549316
229.000000000 574.625549316
228.000000000 574.625549316
227.000000000 604.038208008
226.000000000 604.038208008
225.000000000 604.038208008
224.000000000 604.038208008
223.000000000 604.038208008
222.000000000 604.038208008
221.000000000 604.038208008
220.000000000 604.038208008
219.000000000 604.038208008
218.000000000 604.038208008
217.000000000 604.038208008
216.000000000 635.741271973
215.000000000 635.741271973
214.000000000 635.741271973
213.000000000 635.741271973
212.000000000 635.741271973
211.000000000 635.741271973
210.000000000 635.741271973
209.000000000 635.741271973
208.000000000 671.362487793
207.000000000 671.362487793
206.000000000 671.362487793
205.000000000 671.362487793
204.000000000 671.362487793
203.000000000 671.362487793
202.000000000 704.074096680
201.000000000 704.074096680
200.000000000 704.074096680
199.000000000 704.074096680
198.000000000 704.074096680
197.000000000 704.074096680
196.000000000 704.074096680
195.000000000 704.074096680
194.000000000 704.074096680
193.000000000 704.074096680
192.000000000 704.074096680
191.000000000 704.074096680
190.000000000 704.074096680
189.000000000 704.074096680
188.000000000 704.074096680
187.000000000 704.074096680
186.000000000 704.074096680
185.000000000 704.074096680
184.000000000 704.074096680
183.000000000 704.074096680
182.000000000 754.555969238
181.000000000 754.555969238
180.000000000 802.158020020
