260.000000000 461.606872559
259.000000000 461.606872559
258.000000000 461.606872559
257.000000000 461.606872559
256.000000000 461.606872559
255.000000000 461.606872559
254.000000000 461.606872559
253.000000000 461.606872559
252.000000000 461.606872559
251.000000000 461.606872559
250.000000000 461.606872559
249.000000000 461.606872559
248.000000000 461.606872559
247.000000000 461.606872559
246.000000000 461.606872559
245.000000000 483.657623291
244.000000000 483.657623291
243.000000000 483.657623291
242.000000000 483.657623291
241.000000000 483.657623291
240.000000000 483.657623291
239.000000000 483.657623291
238.000000000 483.657623291
237.000000000 483.657623291
236.000000000 483.657623291
235.000000000 483.657623291
234.000000000 483.657623291
233.000000000 483.657623291
232.000000000 506.314697266
231.000000000 506.314697266
230.000000000 506.314697266
229.000000000 506.314697266
228.000000000 506.314697266
227.000000000 506.314697266
226.000000000 506.314697266
225.000000000 506.314697266
224.000000000 506.314697266
223.000000000 506.314697266
222.000000000 506.314697266
221.000000000 506.314697266
220.000000000 531.670104980
219.000000000 531.670104980
218.000000000 531.670104980
217.000000000 531.670104980
216.000000000 531.670104980
215.000000000 531.670104980
214.000000000 531.670104980
213.000000000 531.670104980
212.000000000 531.670104980
211.000000000 559.353393555
210.000000000 559.353393555
209.000000000 559.353393555
208.000000000 559.353393555
207.000000000 559.353393555
206.000000000 559.353393555
205.000000000 559.353393555
204.000000000 559.353393555
203.000000000 587.763000488
202.000000000 587.763000488
201.000000000 587.763000488
200.000000000 587.763000488
199.000000000 587.763000488
198.000000000 587.763000488
197.000000000 587.763000488
196.000000000 587.763000488
195.000000000 587.763000488
194.000000000 617.035644531
193.000000000 617.035644531
192.000000000 617.035644531
191.000000000 617.035644531
190.000000000 617.035644531
189.000000000 617.035644531
188.000000000 617.035644531
187.000000000 617.035644531
186.000000000 617.035644531
185.000000000 617.035644531
184.000000000 617.035644531
183.000000000 617.035644531
182.000000000 650.332702637
181.000000000 650.332702637
180.000000000 650.332702637
