260.000000000 520.407775879
259.000000000 520.407775879
258.000000000 520.407775879
257.000000000 520.407775879
256.000000000 547.206665039
255.000000000 547.206665039
254.000000000 547.206665039
253.000000000 547.206665039
252.000000000 547.206665039
251.000000000 547.206665039
250.000000000 547.206665039
249.000000000 547.206665039
248.000000000 547.206665039
247.000000000 547.206665039
246.000000000 547.206665039
245.000000000 547.206665039
244.000000000 547.206665039
243.000000000 547.206665039
242.000000000 547.206665039
241.000000000 547.206665039
240.000000000 547.206665039
239.000000000 573.828552246
238.000000000 573.828552246
237.000000000 573.828552246
236.000000000 573.828552246
235.000000000 573.828552246
234.000000000 573.828552246
233.000000000 573.828552246
232.000000000 573.828552246
231.000000000 573.828552246
230.000000000 573.828552246
229.000000000 573.828552246
228.000000000 601.579162598
227.000000000 601.579162598
226.000000000 601.579162598
225.000000000 601.579162598
224.000000000 601.579162598
223.000000000 601.579162598
222.000000000 601.579162598
221.000000000 601.579162598
220.000000000 601.579162598
219.000000000 601.579162598
218.000000000 601.579162598
217.000000000 633.277648926
216.000000000 633.277648926
215.000000000 633.277648926
214.000000000 633.277648926
213.000000000 633.277648926
212.000000000 633.277648926
211.000000000 633.277648926
210.000000000 633.277648926
209.000000000 666.451171875
208.000000000 666.451171875
207.000000000 666.451171875
206.000000000 666.451171875
205.000000000 666.451171875
204.000000000 666.451171875
203.000000000 702.195495605
202.000000000 702.195495605
201.000000000 702.195495605
200.000000000 702.195495605
199.000000000 702.195495605
198.000000000 702.195495605
197.000000000 702.195495605
196.000000000 702.195495605
195.000000000 702.195495605
194.000000000 702.195495605
193.000000000 702.195495605
192.000000000 702.195495605
191.000000000 702.195495605
190.000000000 702.195495605
189.000000000 702.195495605
188.000000000 702.195495605
187.000000000 702.195495605
186.000000000 702.195495605
185.000000000 702.195495605
184.000000000 702.195495605
183.000000000 738.309509277
182.000000000 738.309509277
181.000000000 777.000488281
180.000000000 777.000488281
