260.000000000 0.197365591
259.000000000 -0.286128490
258.000000000 0.853942716
257.000000000 1.561963114
256.000000000 0.861227531
255.000000000 0.613947224
254.000000000 -0.057925679
253.000000000 1.992466192
252.000000000 1.567680354
251.000000000 1.039895535
250.000000000 2.288212513
249.000000000 1.457451341
248.000000000 1.306143597
247.000000000 1.333667264
246.000000000 1.278807661
245.000000000 0.267439979
244.000000000 1.408835040
243.000000000 1.277593056
242.000000000 -0.836803479
241.000000000 0.485673135
240.000000000 1.342077580
239.000000000 1.005526220
238.000000000 0.083685669
237.000000000 0.638220673
236.000000000 -0.034064658
235.000000000 1.151760735
234.000000000 0.297055761
233.000000000 -0.397829426
232.000000000 -0.880448868
231.000000000 0.384197978
230.000000000 -0.018898990
229.000000000 -2.107212366
228.000000000 -0.271544718
227.000000000 -2.666408373
226.000000000 -2.513078675
225.000000000 -2.781862187
224.000000000 -1.450590980
223.000000000 -1.892254392
222.000000000 -3.598355872
221.000000000 -2.823554418
220.000000000 -3.694232425
219.000000000 -0.359819571
218.000000000 -3.064877535
217.000000000 -0.598914260
216.000000000 0.618896947
215.000000000 -4.542568195
214.000000000 -2.327170802
213.000000000 -2.354660144
212.000000000 -1.821238300
211.000000000 -1.762947638
210.000000000 -2.203639683
209.000000000 -2.655697434
208.000000000 -1.540661717
207.000000000 -2.466179291
206.000000000 0.696617560
205.000000000 2.220721732
204.000000000 -2.608083276
203.000000000 1.583654161
202.000000000 -3.474354337
201.000000000 2.841936959
200.000000000 3.728625845
199.000000000 4.295116076
198.000000000 10.465439641
197.000000000 5.081896493
196.000000000 6.801055964
195.000000000 14.903071651
194.000000000 9.959725624
193.000000000 11.886669473
192.000000000 9.973725465
191.000000000 12.716265434
190.000000000 12.711113930
189.000000000 10.870770451
188.000000000 9.201501539
187.000000000 12.472654409
186.000000000 12.166227346
185.000000000 9.050459868
184.000000000 9.375352424
183.000000000 9.713845332
182.000000000 8.604155738
181.000000000 5.682306056
180.000000000 8.356245957
