260.000000000 0.877525846
259.000000000 0.218271778
258.000000000 0.317819168
257.000000000 0.903886277
256.000000000 0.024605754
255.000000000 1.852903256
254.000000000 0.999985392
253.000000000 -0.375519402
252.000000000 2.218359872
251.000000000 1.814021009
250.000000000 1.687600162
249.000000000 0.027516182
248.000000000 1.622162157
247.000000000 0.523664086
246.000000000 1.058510378
245.000000000 1.333936831
244.000000000 0.253131328
243.000000000 1.947842077
242.000000000 0.224384581
241.000000000 1.318136696
240.000000000 1.331351969
239.000000000 -0.371562624
238.000000000 1.847565895
237.000000000 0.601584813
236.000000000 0.365767247
235.000000000 0.906335642
234.000000000 0.481736934
233.000000000 -0.970944228
232.000000000 -0.200576827
231.000000000 1.946624994
230.000000000 -2.206941492
229.000000000 -1.538845587
228.000000000 -1.004893472
227.000000000 -1.870982114
226.000000000 -2.189673473
225.000000000 -0.640772469
224.000000000 -1.110794177
223.000000000 -3.246214302
222.000000000 -2.643835380
221.000000000 -1.638386246
220.000000000 -2.535615062
219.000000000 -0.738693302
218.000000000 -1.986717931
217.000000000 -2.916382299
216.000000000 -1.971113904
215.000000000 -1.749741392
214.000000000 -2.675718536
213.000000000 -0.754975095
212.000000000 -2.168644149
211.000000000 -2.689782872
210.000000000 -1.650024972
209.000000000 -4.205398754
208.000000000 -2.046328265
207.000000000 0.654441290
206.000000000 -2.474771259
205.000000000 -4.056220040
204.000000000 -2.278539251
203.000000000 2.395911486
202.000000000 0.560322206
201.000000000 0.342435004
200.000000000 1.230266529
199.000000000 0.223961441
198.000000000 4.985819539
197.000000000 9.277382824
196.000000000 8.187591335
195.000000000 8.952070475
194.000000000 14.371191796
193.000000000 13.255426740
192.000000000 9.294118477
191.000000000 13.521381349
190.000000000 14.725925759
189.000000000 15.537200887
188.000000000 12.578132056
187.000000000 13.300844838
186.000000000 12.671630871
185.000000000 11.495961387
184.000000000 7.180972262
183.000000000 8.235597459
182.000000000 11.435587993
181.000000000 7.985695369
180.000000000 6.876667311
