260.000000000 0.373194738
259.000000000 0.827205789
258.000000000 -0.176677837
257.000000000 -0.471084103
256.000000000 0.054263933
255.000000000 1.194310731
254.000000000 2.120238141
253.000000000 0.796146704
252.000000000 0.227515112
251.000000000 0.925031607
250.000000000 1.762899138
249.000000000 1.832423966
248.000000000 1.820406456
247.000000000 1.495417042
246.000000000 0.938328178
245.000000000 -0.376479151
244.000000000 2.882776844
243.000000000 0.720585805
242.000000000 1.877540381
241.000000000 0.856883606
240.000000000 0.878539564
239.000000000 1.061091970
238.000000000 0.310999596
237.000000000 2.197748775
236.000000000 -1.034990100
235.000000000 0.435197254
234.000000000 0.718759346
233.000000000 0.612485428
232.000000000 1.742247634
231.000000000 -0.563126129
230.000000000 -0.659480020
229.000000000 -3.433310410
228.000000000 -0.033646209
227.000000000 -1.346491019
226.000000000 -2.033032468
225.000000000 -2.097008902
224.000000000 -1.326546132
223.000000000 -1.491986925
222.000000000 -3.056989269
221.000000000 -0.622350773
220.000000000 -3.573256189
219.000000000 -1.574255885
218.000000000 -1.147847740
217.000000000 -3.738896221
216.000000000 -2.073513952
215.000000000 -1.462639748
214.000000000 -1.688160411
213.000000000 -0.818848179
212.000000000 -0.713376252
211.000000000 -1.652320097
210.000000000 -1.977979992
209.000000000 -1.676259341
208.000000000 -1.421489452
207.000000000 -0.414500499
206.000000000 0.029172785
205.000000000 -1.060341609
204.000000000 -3.137209105
203.000000000 -1.616963713
202.000000000 0.539620134
201.000000000 0.266006069
200.000000000 3.087732353
199.000000000 4.493548881
198.000000000 5.936108677
197.000000000 6.823512202
196.000000000 3.936471041
195.000000000 8.771695672
194.000000000 10.582692850
193.000000000 12.205235401
192.000000000 13.281133143
191.000000000 11.408618284
190.000000000 13.490176349
189.000000000 7.771194677
188.000000000 13.806937611
187.000000000 9.981489788
186.000000000 7.858201357
185.000000000 8.111372426
184.000000000 12.080127575
183.000000000 6.312567058
182.000000000 8.126874239
181.000000000 7.124399584
180.000000000 1.286935163
