260.000000000 461.606872559
259.000000000 461.606872559
258.000000000 461.606872559
257.000000000 461.606872559
256.000000000 461.606872559
255.000000000 461.606872559
254.000000000 461.606872559
253.000000000 461.606872559
252.000000000 461.606872559
251.000000000 461.606872559
250.000000000 461.606872559
249.000000000 461.606872559
248.000000000 461.606872559
247.000000000 461.606872559
246.000000000 461.606872559
245.000000000 461.606872559
244.000000000 484.745849609
243.000000000 484.745849609
242.000000000 484.745849609
241.000000000 484.745849609
240.000000000 484.745849609
239.000000000 484.745849609
238.000000000 484.745849609
237.000000000 484.745849609
236.000000000 484.745849609
235.000000000 484.745849609
234.000000000 484.745849609
233.000000000 484.745849609
232.000000000 484.745849609
231.000000000 484.745849609
230.000000000 484.745849609
229.000000000 511.659973145
228.000000000 511.659973145
227.000000000 511.659973145
226.000000000 511.659973145
225.000000000 511.659973145
224.000000000 511.659973145
223.000000000 511.659973145
222.000000000 511.659973145
221.000000000 511.659973145
220.000000000 511.659973145
219.000000000 511.659973145
218.000000000 536.915832520
217.000000000 536.915832520
216.000000000 536.915832520
215.000000000 536.915832520
214.000000000 536.915832520
213.000000000 536.915832520
212.000000000 536.915832520
211.000000000 536.915832520
210.000000000 536.915832520
209.000000000 536.915832520
208.000000000 566.923706055
207.000000000 566.923706055
206.000000000 566.923706055
205.000000000 566.923706055
204.000000000 566.923706055
203.000000000 566.923706055
202.000000000 566.923706055
201.000000000 595.238342285
200.000000000 595.238342285
199.000000000 595.238342285
198.000000000 595.238342285
197.000000000 595.238342285
196.000000000 595.238342285
195.000000000 595.238342285
194.000000000 595.238342285
193.000000000 595.238342285
192.000000000 595.238342285
191.000000000 595.238342285
190.000000000 595.238342285
189.000000000 595.238342285
188.000000000 595.238342285
187.000000000 595.238342285
186.000000000 595.238342285
185.000000000 595.238342285
184.000000000 626.562622070
183.000000000 626.562622070
182.000000000 626.562622070
181.000000000 626.562622070
180.000000000 666.776733398
