260.000000000 461.606872559
259.000000000 461.606872559
258.000000000 461.606872559
257.000000000 461.606872559
256.000000000 461.606872559
255.000000000 461.606872559
254.000000000 461.606872559
253.000000000 461.606872559
252.000000000 461.606872559
251.000000000 461.606872559
250.000000000 461.606872559
249.000000000 461.606872559
248.000000000 461.606872559
247.000000000 461.606872559
246.000000000 461.606872559
245.000000000 461.606872559
244.000000000 461.606872559
243.000000000 484.695281982
242.000000000 484.695281982
241.000000000 484.695281982
240.000000000 484.695281982
239.000000000 484.695281982
238.000000000 484.695281982
237.000000000 484.695281982
236.000000000 484.695281982
235.000000000 484.695281982
234.000000000 484.695281982
233.000000000 484.695281982
232.000000000 484.695281982
231.000000000 484.695281982
230.000000000 484.695281982
229.000000000 512.257385254
228.000000000 512.257385254
227.000000000 512.257385254
226.000000000 512.257385254
225.000000000 512.257385254
224.000000000 512.257385254
223.000000000 512.257385254
222.000000000 512.257385254
221.000000000 512.257385254
220.000000000 512.257385254
219.000000000 536.816955566
218.000000000 536.816955566
217.000000000 536.816955566
216.000000000 536.816955566
215.000000000 536.816955566
214.000000000 536.816955566
213.000000000 536.816955566
212.000000000 536.816955566
211.000000000 536.816955566
210.000000000 536.816955566
209.000000000 564.155151367
208.000000000 564.155151367
207.000000000 564.155151367
206.000000000 564.155151367
205.000000000 564.155151367
204.000000000 564.155151367
203.000000000 564.155151367
202.000000000 564.155151367
201.000000000 564.155151367
200.000000000 593.925231934
199.000000000 593.925231934
198.000000000 593.925231934
197.000000000 593.925231934
196.000000000 593.925231934
195.000000000 593.925231934
194.000000000 593.925231934
193.000000000 593.925231934
192.000000000 593.925231934
191.000000000 593.925231934
190.000000000 593.925231934
189.000000000 593.925231934
188.000000000 593.925231934
187.000000000 623.007507324
186.000000000 623.007507324
185.000000000 623.007507324
184.000000000 623.007507324
183.000000000 623.007507324
182.000000000 623.007507324
181.000000000 654.281921387
180.000000000 654.281921387
