260.000000000 461.606872559
259.000000000 461.606872559
258.000000000 461.606872559
257.000000000 461.606872559
256.000000000 461.606872559
255.000000000 461.606872559
254.000000000 461.606872559
253.000000000 461.606872559
252.000000000 461.606872559
251.000000000 461.606872559
250.000000000 461.606872559
249.000000000 461.606872559
248.000000000 461.606872559
247.000000000 461.606872559
246.000000000 461.606872559
245.000000000 461.606872559
244.000000000 485.813354492
243.000000000 485.813354492
242.000000000 485.813354492
241.000000000 485.813354492
240.000000000 485.813354492
239.000000000 485.813354492
238.000000000 485.813354492
237.000000000 485.813354492
236.000000000 485.813354492
235.000000000 485.813354492
234.000000000 485.813354492
233.000000000 485.813354492
232.000000000 485.813354492
231.000000000 485.813354492
230.000000000 485.813354492
229.000000000 510.729858398
228.000000000 510.729858398
227.000000000 510.729858398
226.000000000 510.729858398
225.000000000 510.729858398
224.000000000 510.729858398
223.000000000 510.729858398
222.000000000 510.729858398
221.000000000 510.729858398
220.000000000 510.729858398
219.000000000 510.729858398
218.000000000 536.554870605
217.000000000 536.554870605
216.000000000 536.554870605
215.000000000 536.554870605
214.000000000 536.554870605
213.000000000 536.554870605
212.000000000 536.554870605
211.000000000 536.554870605
210.000000000 536.554870605
209.000000000 561.676574707
208.000000000 561.676574707
207.000000000 561.676574707
206.000000000 561.676574707
205.000000000 561.676574707
204.000000000 561.676574707
203.000000000 561.676574707
202.000000000 561.676574707
201.000000000 592.129272461
200.000000000 592.129272461
199.000000000 592.129272461
198.000000000 592.129272461
197.000000000 592.129272461
196.000000000 592.129272461
195.000000000 592.129272461
194.000000000 592.129272461
193.000000000 592.129272461
192.000000000 592.129272461
191.000000000 592.129272461
190.000000000 592.129272461
189.000000000 592.129272461
188.000000000 592.129272461
187.000000000 592.129272461
186.000000000 623.601989746
185.000000000 623.601989746
184.000000000 623.601989746
183.000000000 623.601989746
182.000000000 623.601989746
181.000000000 661.642700195
180.000000000 661.642700195
