260.000000000 707.400085449
259.000000000 707.400085449
258.000000000 707.400085449
257.000000000 707.400085449
256.000000000 707.400085449
255.000000000 707.400085449
254.000000000 707.400085449
253.000000000 707.400085449
252.000000000 707.400085449
251.000000000 707.400085449
250.000000000 707.400085449
249.000000000 707.400085449
248.000000000 742.558288574
247.000000000 742.558288574
246.000000000 742.558288574
245.000000000 742.558288574
244.000000000 742.558288574
243.000000000 742.558288574
242.000000000 742.558288574
241.000000000 742.558288574
240.000000000 742.558288574
239.000000000 742.558288574
238.000000000 742.558288574
237.000000000 742.558288574
236.000000000 742.558288574
235.000000000 742.558288574
234.000000000 742.558288574
233.000000000 742.558288574
232.000000000 742.558288574
231.000000000 742.558288574
230.000000000 779.819152832
229.000000000 779.819152832
228.000000000 779.819152832
227.000000000 779.819152832
226.000000000 779.819152832
225.000000000 779.819152832
224.000000000 779.819152832
223.000000000 779.819152832
222.000000000 779.819152832
221.000000000 779.819152832
220.000000000 779.819152832
219.000000000 779.819152832
218.000000000 779.819152832
217.000000000 816.845703125
216.000000000 816.845703125
215.000000000 816.845703125
214.000000000 816.845703125
213.000000000 816.845703125
212.000000000 816.845703125
211.000000000 816.845703125
210.000000000 816.845703125
209.000000000 816.845703125
208.000000000 816.845703125
207.000000000 816.845703125
206.000000000 816.845703125
205.000000000 816.845703125
204.000000000 816.845703125
203.000000000 859.128845215
202.000000000 859.128845215
201.000000000 859.128845215
200.000000000 859.128845215
199.000000000 859.128845215
198.000000000 859.128845215
197.000000000 859.128845215
196.000000000 859.128845215
195.000000000 859.128845215
194.000000000 859.128845215
193.000000000 859.128845215
192.000000000 859.128845215
191.000000000 859.128845215
190.000000000 859.128845215
189.000000000 859.128845215
188.000000000 859.128845215
187.000000000 859.128845215
186.000000000 859.128845215
185.000000000 859.128845215
184.000000000 859.128845215
183.000000000 859.128845215
182.000000000 859.128845215
181.000000000 859.128845215
180.000000000 859.128845215
