260.000000000 707.400085449
259.000000000 707.400085449
258.000000000 707.400085449
257.000000000 707.400085449
256.000000000 707.400085449
255.000000000 707.400085449
254.000000000 707.400085449
253.000000000 707.400085449
252.000000000 707.400085449
251.000000000 707.400085449
250.000000000 707.400085449
249.000000000 707.400085449
248.000000000 707.400085449
247.000000000 743.314331055
246.000000000 743.314331055
245.000000000 743.314331055
244.000000000 743.314331055
243.000000000 743.314331055
242.000000000 743.314331055
241.000000000 743.314331055
240.000000000 743.314331055
239.000000000 743.314331055
238.000000000 743.314331055
237.000000000 743.314331055
236.000000000 743.314331055
235.000000000 743.314331055
234.000000000 743.314331055
233.000000000 743.314331055
232.000000000 743.314331055
231.000000000 743.314331055
230.000000000 743.314331055
229.000000000 781.160278320
228.000000000 781.160278320
227.000000000 781.160278320
226.000000000 781.160278320
225.000000000 781.160278320
224.000000000 781.160278320
223.000000000 781.160278320
222.000000000 781.160278320
221.000000000 781.160278320
220.000000000 781.160278320
219.000000000 781.160278320
218.000000000 781.160278320
217.000000000 781.160278320
216.000000000 781.160278320
215.000000000 824.642211914
214.000000000 824.642211914
213.000000000 824.642211914
212.000000000 824.642211914
211.000000000 824.642211914
210.000000000 824.642211914
209.000000000 824.642211914
208.000000000 824.642211914
207.000000000 824.642211914
206.000000000 824.642211914
205.000000000 824.642211914
204.000000000 824.642211914
203.000000000 824.642211914
202.000000000 824.642211914
201.000000000 865.245361328
200.000000000 865.245361328
199.000000000 865.245361328
198.000000000 865.245361328
197.000000000 865.245361328
196.000000000 865.245361328
195.000000000 865.245361328
194.000000000 865.245361328
193.000000000 865.245361328
192.000000000 865.245361328
191.000000000 865.245361328
190.000000000 865.245361328
189.000000000 865.245361328
188.000000000 865.245361328
187.000000000 865.245361328
186.000000000 865.245361328
185.000000000 865.245361328
184.000000000 865.245361328
183.000000000 865.245361328
182.000000000 865.245361328
181.000000000 865.245361328
180.000000000 865.245361328
