260.000000000 707.400085449
259.000000000 707.400085449
258.000000000 707.400085449
257.000000000 707.400085449
256.000000000 707.400085449
255.000000000 707.400085449
254.000000000 707.400085449
253.000000000 707.400085449
252.000000000 707.400085449
251.000000000 742.112365723
250.000000000 742.112365723
249.000000000 742.112365723
248.000000000 742.112365723
247.000000000 742.112365723
246.000000000 742.112365723
245.000000000 742.112365723
244.000000000 742.112365723
243.000000000 742.112365723
242.000000000 742.112365723
241.000000000 742.112365723
240.000000000 742.112365723
239.000000000 742.112365723
238.000000000 742.112365723
237.000000000 742.112365723
236.000000000 742.112365723
235.000000000 742.112365723
234.000000000 742.112365723
233.000000000 742.112365723
232.000000000 742.112365723
231.000000000 779.190856934
230.000000000 779.190856934
229.000000000 779.190856934
228.000000000 779.190856934
227.000000000 779.190856934
226.000000000 779.190856934
225.000000000 779.190856934
224.000000000 779.190856934
223.000000000 779.190856934
222.000000000 779.190856934
221.000000000 779.190856934
220.000000000 779.190856934
219.000000000 779.190856934
218.000000000 779.190856934
217.000000000 779.190856934
216.000000000 779.190856934
215.000000000 818.344421387
214.000000000 818.344421387
213.000000000 818.344421387
212.000000000 818.344421387
211.000000000 818.344421387
210.000000000 818.344421387
209.000000000 818.344421387
208.000000000 818.344421387
207.000000000 818.344421387
206.000000000 818.344421387
205.000000000 818.344421387
204.000000000 818.344421387
203.000000000 857.890380859
202.000000000 857.890380859
201.000000000 857.890380859
200.000000000 857.890380859
199.000000000 857.890380859
198.000000000 857.890380859
197.000000000 857.890380859
196.000000000 857.890380859
195.000000000 857.890380859
194.000000000 857.890380859
193.000000000 857.890380859
192.000000000 857.890380859
191.000000000 857.890380859
190.000000000 857.890380859
189.000000000 857.890380859
188.000000000 857.890380859
187.000000000 857.890380859
186.000000000 857.890380859
185.000000000 857.890380859
184.000000000 857.890380859
183.000000000 857.890380859
182.000000000 857.890380859
181.000000000 857.890380859
180.000000000 857.890380859
