260.000000000 -30.769581614
259.000000000 -26.984417047
258.000000000 -30.463756099
257.000000000 -19.373815170
256.000000000 -25.624042869
255.000000000 -29.533522403
254.000000000 -30.821628462
253.000000000 -28.312425905
252.000000000 -23.522124141
251.000000000 -26.276736893
250.000000000 -34.787100181
249.000000000 -30.765390616
248.000000000 -28.078478257
247.000000000 -26.629036948
246.000000000 -30.268295716
245.000000000 -24.899796089
244.000000000 -31.050842085
243.000000000 -25.738324301
242.000000000 -29.849578313
241.000000000 -27.161949152
240.000000000 -26.703486803
239.000000000 -25.936678251
238.000000000 -21.454444085
237.000000000 -32.404564875
236.000000000 -23.685349718
235.000000000 -20.153618823
234.000000000 -34.619004359
233.000000000 -37.250179625
232.000000000 -30.442205785
231.000000000 -19.644637029
230.000000000 -26.190857348
229.000000000 -25.964353924
228.000000000 -31.166791591
227.000000000 -15.101846365
226.000000000 -25.309121863
225.000000000 -25.806278531
224.000000000 -27.615054075
223.000000000 -16.487726260
222.000000000 -33.219472954
221.000000000 -26.166080085
220.000000000 -22.227024588
219.000000000 -20.263549340
218.000000000 -25.342598800
217.000000000 -23.973647729
216.000000000 -25.763035775
215.000000000 -30.067958808
214.000000000 -18.846978134
213.000000000 -20.613254662
212.000000000 -9.953968954
211.000000000 -32.175203589
210.000000000 -33.009946280
209.000000000 -14.076107756
208.000000000 -17.271103459
207.000000000 -12.671836705
206.000000000 -26.670783396
205.000000000 -26.295535879
204.000000000 -12.050809128
203.000000000 -24.237309753
202.000000000 -19.974811186
201.000000000 -4.857638069
200.000000000 -9.427557550
199.000000000 -6.789883591
198.000000000 -26.725925221
197.000000000 -21.840722721
196.000000000 -15.146752786
195.000000000 -17.511949676
194.000000000 -16.779705188
193.000000000 5.913984222
192.000000000 -9.155185417
191.000000000 -2.669474739
190.000000000 -1.725923586
189.000000000 7.337941390
188.000000000 4.254175404
187.000000000 -4.047255787
186.000000000 9.079874261
185.000000000 0.279401774
184.000000000 -5.419521414
183.000000000 15.914385741
182.000000000 7.311942344
181.000000000 -12.143545904
180.000000000 -2.827065020
