260.000000000 -19.325171134
259.000000000 -27.381251341
258.000000000 -29.604348044
257.000000000 -29.361369095
256.000000000 -27.391412566
255.000000000 -30.907856264
254.000000000 -25.057781915
253.000000000 -26.269077843
252.000000000 -23.953265074
251.000000000 -16.006618006
250.000000000 -26.484148986
249.000000000 -29.711067727
248.000000000 -24.196249383
247.000000000 -21.075661921
246.000000000 -24.134088752
245.000000000 -27.231054221
244.000000000 -25.208792752
243.000000000 -33.192492097
242.000000000 -27.804008206
241.000000000 -27.532927357
240.000000000 -33.112645611
239.000000000 -32.807528879
238.000000000 -28.222071778
237.000000000 -19.619024427
236.000000000 -33.130025818
235.000000000 -32.584711106
234.000000000 -29.717394237
233.000000000 -25.510682056
232.000000000 -22.734776654
231.000000000 -32.960539897
230.000000000 -31.964412407
229.000000000 -27.344258481
228.000000000 -18.553736616
227.000000000 -25.646270358
226.000000000 -32.371065445
225.000000000 -18.209460441
224.000000000 -33.014783587
223.000000000 -32.068906654
222.000000000 -22.625804807
221.000000000 -25.245432613
220.000000000 -17.236158718
219.000000000 -20.949624462
218.000000000 -23.799017191
217.000000000 -6.872964970
216.000000000 -19.388425239
215.000000000 -29.124185259
214.000000000 -23.642016345
213.000000000 -25.846220834
212.000000000 -27.237599956
211.000000000 -18.557430091
210.000000000 -13.659712009
209.000000000 -20.866534203
208.000000000 -21.107061695
207.000000000 -17.832542496
206.000000000 -36.581649614
205.000000000 -37.284594319
204.000000000 4.396617179
203.000000000 -25.637352309
202.000000000 -16.784672661
201.000000000 -22.321504124
200.000000000 -13.568891405
199.000000000 -10.616384005
198.000000000 -8.197859760
197.000000000 -23.797551337
196.000000000 -20.391958034
195.000000000 -7.377965726
194.000000000 -15.957342224
193.000000000 -2.405455669
192.000000000 5.577081343
191.000000000 -4.209185637
190.000000000 6.845996159
189.000000000 3.690352505
188.000000000 -7.351281456
187.000000000 -4.035094616
186.000000000 -2.260329388
185.000000000 0.437380162
184.000000000 -3.870921469
183.000000000 -3.184997153
182.000000000 10.997905371
181.000000000 -13.578323678
180.000000000 -8.267288166
