260.000000000 -26.340170541
259.000000000 -26.233161426
258.000000000 -33.486612246
257.000000000 -27.072159349
256.000000000 -17.459467249
255.000000000 -28.602671885
254.000000000 -28.759383312
253.000000000 -33.232525127
252.000000000 -23.699858155
251.000000000 -25.870866295
250.000000000 -25.936201119
249.000000000 -27.599802187
248.000000000 -31.552497427
247.000000000 -34.540129102
246.000000000 -19.582047773
245.000000000 -33.949615586
244.000000000 -21.919186191
243.000000000 -38.591135966
242.000000000 -27.051375312
241.000000000 -27.062373257
240.000000000 -23.592086365
239.000000000 -16.968738584
238.000000000 -30.916670852
237.000000000 -35.359419599
236.000000000 -21.016292885
235.000000000 -19.996673152
234.000000000 -19.535930882
233.000000000 -36.591961652
232.000000000 -27.491505425
231.000000000 -33.176834178
230.000000000 -16.871618422
229.000000000 -30.651342670
228.000000000 -24.265985695
227.000000000 -27.692745276
226.000000000 -23.407954660
225.000000000 -25.041691990
224.000000000 -20.864023095
223.000000000 -34.549257068
222.000000000 -17.586854649
221.000000000 -20.929923268
220.000000000 -19.622152765
219.000000000 -21.697818192
218.000000000 -36.490215053
217.000000000 -7.377200997
216.000000000 -16.354082045
215.000000000 -21.293238697
214.000000000 -18.737372342
213.000000000 -31.884199512
212.000000000 -40.401923872
211.000000000 -25.177941772
210.000000000 -24.388487029
209.000000000 -9.311097747
208.000000000 -29.897792209
207.000000000 -17.020693817
206.000000000 -16.373352592
205.000000000 -30.614782440
204.000000000 -13.886156602
203.000000000 -23.309160327
202.000000000 -17.858688106
201.000000000 -21.984623780
200.000000000 -14.935094852
199.000000000 -3.014761964
198.000000000 -9.824718960
197.000000000 -15.452909543
196.000000000 -12.774939649
195.000000000 -27.382239322
194.000000000 -0.355661998
193.000000000 -9.237264644
192.000000000 -2.405278359
191.000000000 -6.488589219
190.000000000 -11.739105496
189.000000000 -13.394952688
188.000000000 13.699945775
187.000000000 12.959584685
186.000000000 8.959412903
185.000000000 -0.159775883
184.000000000 5.662914263
183.000000000 8.783098140
182.000000000 6.311342718
181.000000000 -9.926465755
180.000000000 7.748845013
