260.000000000 520.407775879
259.000000000 520.407775879
258.000000000 545.988708496
257.000000000 0.000000000
256.000000000 0.000000000
255.000000000 0.000000000
254.000000000 0.000000000
253.000000000 0.000000000
252.000000000 0.000000000
251.000000000 0.000000000
250.000000000 0.000000000
249.000000000 0.000000000
248.000000000 0.000000000
247.000000000 0.000000000
246.000000000 0.000000000
245.000000000 0.000000000
244.000000000 0.000000000
243.000000000 0.000000000
242.000000000 0.000000000
241.000000000 0.000000000
240.000000000 0.000000000
239.000000000 0.000000000
238.000000000 0.000000000
237.000000000 0.000000000
236.000000000 0.000000000
235.000000000 0.000000000
234.000000000 0.000000000
233.000000000 0.000000000
232.000000000 0.000000000
231.000000000 0.000000000
230.000000000 0.000000000
229.000000000 0.000000000
228.000000000 0.000000000
227.000000000 0.000000000
226.000000000 0.000000000
225.000000000 0.000000000
224.000000000 0.000000000
223.000000000 0.000000000
222.000000000 0.000000000
221.000000000 0.000000000
220.000000000 0.000000000
219.000000000 0.000000000
218.000000000 0.000000000
217.000000000 0.000000000
216.000000000 0.000000000
215.000000000 0.000000000
214.000000000 0.000000000
213.000000000 0.000000000
212.000000000 0.000000000
211.000000000 0.000000000
210.000000000 0.000000000
209.000000000 0.000000000
208.000000000 0.000000000
207.000000000 0.000000000
206.000000000 0.000000000
205.000000000 0.000000000
204.000000000 0.000000000
203.000000000 0.000000000
202.000000000 0.000000000
201.000000000 0.000000000
200.000000000 0.000000000
199.000000000 0.000000000
198.000000000 0.000000000
197.000000000 0.000000000
196.000000000 0.000000000
195.000000000 0.000000000
194.000000000 0.000000000
193.000000000 0.000000000
192.000000000 0.000000000
191.000000000 0.000000000
190.000000000 0.000000000
189.000000000 0.000000000
188.000000000 0.000000000
187.000000000 0.000000000
186.000000000 0.000000000
185.000000000 0.000000000
184.000000000 0.000000000
183.000000000 0.000000000
182.000000000 0.000000000
181.000000000 0.000000000
180.000000000 0.000000000
