260.000000000 451.775573730
259.000000000 451.775573730
258.000000000 451.775573730
257.000000000 451.775573730
256.000000000 451.775573730
255.000000000 451.775573730
254.000000000 451.775573730
253.000000000 451.775573730
252.000000000 451.775573730
251.000000000 451.775573730
250.000000000 451.775573730
249.000000000 473.344268799
248.000000000 473.344268799
247.000000000 473.344268799
246.000000000 473.344268799
245.000000000 473.344268799
244.000000000 473.344268799
243.000000000 473.344268799
242.000000000 473.344268799
241.000000000 473.344268799
240.000000000 473.344268799
239.000000000 473.344268799
238.000000000 473.344268799
237.000000000 473.344268799
236.000000000 473.344268799
235.000000000 473.344268799
234.000000000 473.344268799
233.000000000 473.344268799
232.000000000 473.344268799
231.000000000 473.344268799
230.000000000 495.631805420
229.000000000 495.631805420
228.000000000 495.631805420
227.000000000 495.631805420
226.000000000 495.631805420
225.000000000 495.631805420
224.000000000 495.631805420
223.000000000 495.631805420
222.000000000 495.631805420
221.000000000 495.631805420
220.000000000 495.631805420
219.000000000 495.631805420
218.000000000 521.956054688
217.000000000 521.956054688
216.000000000 521.956054688
215.000000000 521.956054688
214.000000000 521.956054688
213.000000000 521.956054688
212.000000000 521.956054688
211.000000000 521.956054688
210.000000000 521.956054688
209.000000000 521.956054688
208.000000000 521.956054688
207.000000000 521.956054688
206.000000000 521.956054688
205.000000000 546.406188965
204.000000000 546.406188965
203.000000000 546.406188965
202.000000000 546.406188965
201.000000000 546.406188965
200.000000000 546.406188965
199.000000000 546.406188965
198.000000000 546.406188965
197.000000000 546.406188965
196.000000000 546.406188965
195.000000000 546.406188965
194.000000000 546.406188965
193.000000000 546.406188965
192.000000000 574.429504395
191.000000000 574.429504395
190.000000000 574.429504395
189.000000000 574.429504395
188.000000000 574.429504395
187.000000000 574.429504395
186.000000000 574.429504395
185.000000000 574.429504395
184.000000000 603.263488770
183.000000000 603.263488770
182.000000000 603.263488770
181.000000000 603.263488770
180.000000000 642.874511719
