260.000000000 520.407775879
259.000000000 520.407775879
258.000000000 520.407775879
257.000000000 520.407775879
256.000000000 520.407775879
255.000000000 520.407775879
254.000000000 520.407775879
253.000000000 520.407775879
252.000000000 520.407775879
251.000000000 520.407775879
250.000000000 520.407775879
249.000000000 546.786499023
248.000000000 546.786499023
247.000000000 546.786499023
246.000000000 546.786499023
245.000000000 546.786499023
244.000000000 546.786499023
243.000000000 546.786499023
242.000000000 546.786499023
241.000000000 546.786499023
240.000000000 546.786499023
239.000000000 546.786499023
238.000000000 546.786499023
237.000000000 546.786499023
236.000000000 546.786499023
235.000000000 546.786499023
234.000000000 546.786499023
233.000000000 546.786499023
232.000000000 546.786499023
231.000000000 574.319641113
230.000000000 574.319641113
229.000000000 574.319641113
228.000000000 574.319641113
227.000000000 574.319641113
226.000000000 574.319641113
225.000000000 574.319641113
224.000000000 574.319641113
223.000000000 574.319641113
222.000000000 574.319641113
221.000000000 574.319641113
220.000000000 574.319641113
219.000000000 574.319641113
218.000000000 605.753723145
217.000000000 605.753723145
216.000000000 605.753723145
215.000000000 605.753723145
214.000000000 605.753723145
213.000000000 605.753723145
212.000000000 605.753723145
211.000000000 605.753723145
210.000000000 605.753723145
209.000000000 605.753723145
208.000000000 605.753723145
207.000000000 635.918762207
206.000000000 635.918762207
205.000000000 635.918762207
204.000000000 635.918762207
203.000000000 635.918762207
202.000000000 635.918762207
201.000000000 635.918762207
200.000000000 635.918762207
199.000000000 635.918762207
198.000000000 635.918762207
197.000000000 635.918762207
196.000000000 635.918762207
195.000000000 635.918762207
194.000000000 635.918762207
193.000000000 635.918762207
192.000000000 635.918762207
191.000000000 635.918762207
190.000000000 635.918762207
189.000000000 635.918762207
188.000000000 635.918762207
187.000000000 667.680664062
186.000000000 667.680664062
185.000000000 667.680664062
184.000000000 667.680664062
183.000000000 667.680664062
182.000000000 715.550537109
181.000000000 715.550537109
180.000000000 715.550537109
