260.000000000 544.511657715
259.000000000 544.511657715
258.000000000 544.511657715
257.000000000 544.511657715
256.000000000 544.511657715
255.000000000 544.511657715
254.000000000 544.511657715
253.000000000 544.511657715
252.000000000 544.511657715
251.000000000 544.511657715
250.000000000 544.511657715
249.000000000 544.511657715
248.000000000 544.511657715
247.000000000 544.511657715
246.000000000 544.511657715
245.000000000 544.511657715
244.000000000 544.511657715
243.000000000 544.511657715
242.000000000 544.511657715
241.000000000 544.511657715
240.000000000 570.475769043
239.000000000 570.475769043
238.000000000 570.475769043
237.000000000 570.475769043
236.000000000 570.475769043
235.000000000 570.475769043
234.000000000 570.475769043
233.000000000 570.475769043
232.000000000 570.475769043
231.000000000 570.475769043
230.000000000 570.475769043
229.000000000 570.475769043
228.000000000 570.475769043
227.000000000 570.475769043
226.000000000 570.475769043
225.000000000 570.475769043
224.000000000 570.475769043
223.000000000 570.475769043
222.000000000 570.475769043
221.000000000 570.475769043
220.000000000 570.475769043
219.000000000 604.558349609
218.000000000 604.558349609
217.000000000 604.558349609
216.000000000 604.558349609
215.000000000 604.558349609
214.000000000 604.558349609
213.000000000 604.558349609
212.000000000 604.558349609
211.000000000 604.558349609
210.000000000 604.558349609
209.000000000 604.558349609
208.000000000 604.558349609
207.000000000 604.558349609
206.000000000 604.558349609
205.000000000 604.558349609
204.000000000 637.496215820
203.000000000 637.496215820
202.000000000 637.496215820
201.000000000 637.496215820
200.000000000 637.496215820
199.000000000 637.496215820
198.000000000 637.496215820
197.000000000 637.496215820
196.000000000 637.496215820
195.000000000 637.496215820
194.000000000 637.496215820
193.000000000 637.496215820
192.000000000 637.496215820
191.000000000 637.496215820
190.000000000 637.496215820
189.000000000 637.496215820
188.000000000 637.496215820
187.000000000 673.140380859
186.000000000 673.140380859
185.000000000 673.140380859
184.000000000 673.140380859
183.000000000 711.653015137
182.000000000 711.653015137
181.000000000 758.699279785
180.000000000 758.699279785
