260.000000000 544.511657715
259.000000000 544.511657715
258.000000000 544.511657715
257.000000000 544.511657715
256.000000000 544.511657715
255.000000000 544.511657715
254.000000000 544.511657715
253.000000000 544.511657715
252.000000000 544.511657715
251.000000000 544.511657715
250.000000000 544.511657715
249.000000000 544.511657715
248.000000000 544.511657715
247.000000000 544.511657715
246.000000000 544.511657715
245.000000000 544.511657715
244.000000000 544.511657715
243.000000000 544.511657715
242.000000000 544.511657715
241.000000000 544.511657715
240.000000000 544.511657715
239.000000000 544.511657715
238.000000000 544.511657715
237.000000000 544.511657715
236.000000000 572.439941406
235.000000000 572.439941406
234.000000000 572.439941406
233.000000000 572.439941406
232.000000000 572.439941406
231.000000000 572.439941406
230.000000000 572.439941406
229.000000000 572.439941406
228.000000000 572.439941406
227.000000000 572.439941406
226.000000000 572.439941406
225.000000000 572.439941406
224.000000000 572.439941406
223.000000000 572.439941406
222.000000000 572.439941406
221.000000000 600.182861328
220.000000000 600.182861328
219.000000000 600.182861328
218.000000000 600.182861328
217.000000000 600.182861328
216.000000000 600.182861328
215.000000000 600.182861328
214.000000000 600.182861328
213.000000000 600.182861328
212.000000000 600.182861328
211.000000000 600.182861328
210.000000000 600.182861328
209.000000000 600.182861328
208.000000000 600.182861328
207.000000000 600.182861328
206.000000000 629.513183594
205.000000000 629.513183594
204.000000000 629.513183594
203.000000000 629.513183594
202.000000000 629.513183594
201.000000000 629.513183594
200.000000000 629.513183594
199.000000000 629.513183594
198.000000000 629.513183594
197.000000000 629.513183594
196.000000000 629.513183594
195.000000000 629.513183594
194.000000000 629.513183594
193.000000000 629.513183594
192.000000000 629.513183594
191.000000000 661.363159180
190.000000000 661.363159180
189.000000000 661.363159180
188.000000000 661.363159180
187.000000000 661.363159180
186.000000000 661.363159180
185.000000000 661.363159180
184.000000000 697.738891602
183.000000000 697.738891602
182.000000000 733.726745605
181.000000000 733.726745605
180.000000000 785.083923340
