260.000000000 0.475137169
259.000000000 0.870488704
258.000000000 1.322093625
257.000000000 0.656792143
256.000000000 2.134932947
255.000000000 0.350841043
254.000000000 1.205369016
253.000000000 2.206112194
252.000000000 0.295130122
251.000000000 0.847919126
250.000000000 1.047361716
249.000000000 1.424166197
248.000000000 0.126891415
247.000000000 1.256258187
246.000000000 1.073508661
245.000000000 1.927131217
244.000000000 1.094976106
243.000000000 1.690056567
242.000000000 1.367024061
241.000000000 1.988898851
240.000000000 2.392927356
239.000000000 2.541913988
238.000000000 1.816601428
237.000000000 1.808025382
236.000000000 1.553935485
235.000000000 0.693083869
234.000000000 2.886779116
233.000000000 2.140381152
232.000000000 1.861751251
231.000000000 1.278835827
230.000000000 1.667197607
229.000000000 2.168950892
228.000000000 1.573547698
227.000000000 4.009895644
226.000000000 1.634331017
225.000000000 2.905808883
224.000000000 2.070345687
223.000000000 2.280265040
222.000000000 2.858968251
221.000000000 5.059301692
220.000000000 3.432105686
219.000000000 3.730716466
218.000000000 2.449207564
217.000000000 3.516828303
216.000000000 5.140628868
215.000000000 2.471382694
214.000000000 3.281853996
213.000000000 2.936686669
212.000000000 4.846004625
211.000000000 4.275476687
210.000000000 4.433696736
209.000000000 4.771156522
208.000000000 3.757211185
207.000000000 3.158564390
206.000000000 4.206339243
205.000000000 1.957594686
204.000000000 4.975695127
203.000000000 4.017816880
202.000000000 3.131375642
201.000000000 1.813973422
200.000000000 1.514582293
199.000000000 4.057966843
198.000000000 3.111916168
197.000000000 7.333411429
196.000000000 2.975375677
195.000000000 1.799752115
194.000000000 3.616223584
193.000000000 3.795682933
192.000000000 1.745272092
191.000000000 5.133423295
190.000000000 4.164281734
189.000000000 2.406195749
188.000000000 3.649827950
187.000000000 1.046166614
186.000000000 3.145671843
185.000000000 1.398722524
184.000000000 4.992731016
183.000000000 2.313972581
182.000000000 0.176931616
181.000000000 5.247391790
180.000000000 1.871235279
