260.000000000 451.775573730
259.000000000 451.775573730
258.000000000 451.775573730
257.000000000 451.775573730
256.000000000 451.775573730
255.000000000 451.775573730
254.000000000 451.775573730
253.000000000 451.775573730
252.000000000 451.775573730
251.000000000 451.775573730
250.000000000 451.775573730
249.000000000 472.974670410
248.000000000 472.974670410
247.000000000 472.974670410
246.000000000 472.974670410
245.000000000 472.974670410
244.000000000 472.974670410
243.000000000 472.974670410
242.000000000 472.974670410
241.000000000 472.974670410
240.000000000 472.974670410
239.000000000 472.974670410
238.000000000 472.974670410
237.000000000 472.974670410
236.000000000 472.974670410
235.000000000 472.974670410
234.000000000 472.974670410
233.000000000 472.974670410
232.000000000 472.974670410
231.000000000 472.974670410
230.000000000 496.462341309
229.000000000 496.462341309
228.000000000 496.462341309
227.000000000 496.462341309
226.000000000 496.462341309
225.000000000 496.462341309
224.000000000 496.462341309
223.000000000 496.462341309
222.000000000 496.462341309
221.000000000 496.462341309
220.000000000 496.462341309
219.000000000 496.462341309
218.000000000 496.462341309
217.000000000 520.597595215
216.000000000 520.597595215
215.000000000 520.597595215
214.000000000 520.597595215
213.000000000 520.597595215
212.000000000 520.597595215
211.000000000 520.597595215
210.000000000 520.597595215
209.000000000 520.597595215
208.000000000 520.597595215
207.000000000 547.485168457
206.000000000 547.485168457
205.000000000 547.485168457
204.000000000 547.485168457
203.000000000 547.485168457
202.000000000 547.485168457
201.000000000 547.485168457
200.000000000 547.485168457
199.000000000 547.485168457
198.000000000 547.485168457
197.000000000 547.485168457
196.000000000 547.485168457
195.000000000 547.485168457
194.000000000 547.485168457
193.000000000 547.485168457
192.000000000 547.485168457
191.000000000 576.622436523
190.000000000 576.622436523
189.000000000 576.622436523
188.000000000 576.622436523
187.000000000 576.622436523
186.000000000 576.622436523
185.000000000 576.622436523
184.000000000 576.622436523
183.000000000 576.622436523
182.000000000 620.030212402
181.000000000 620.030212402
180.000000000 620.030212402
