Measurement file: 	20240823_SiO2NPs_2024_ILUM (1)
Record no: 	 6
Sample name: 	SiO2NPs_6mL_EtOH


Times (us)	ACF Data
 .5	 .86436128616333
 1	 .871967971324921
 1.5	 .871528089046478
 2	 .869338512420654
 2.5	 .868312358856201
 3	 .865192532539368
 3.5	 .863684833049774
 4	 .861466288566589
 4.5	 .859284102916718
 5.5	 .856159746646881
 6.5	 .852855503559113
 7.5	 .848561942577362
 8.5	 .844258010387421
 9.5	 .84078449010849
 10.5	 .837393224239349
 11.5	 .834153294563293
 12.5	 .830471158027649
 14.5	 .822441875934601
 16.5	 .815257668495178
 18.5	 .808467149734497
 20.5	 .801104128360748
 22.5	 .79435259103775
 24.5	 .787273705005646
 26.5	 .779761433601379
 28.5	 .772868454456329
 32.5	 .759820282459259
 36.5	 .7465660572052
 40.5	 .733379721641541
 44.5	 .720342457294464
 48.5	 .707884311676025
 52.5	 .69503378868103
 56.5	 .682916760444641
 60.5	 .670838952064514
 68.5	 .647559940814972
 76.5	 .625048160552979
 84.5	 .603008389472961
 92.5	 .582183063030243
 100.5	 .56150096654892
 108.5	 .541702330112457
 116.5	 .522541165351868
 124.5	 .504393756389618
 140.5	 .46962508559227
 156.5	 .436958372592926
 172.5	 .406455099582672
 188.5	 .378126472234726
 204.5	 .351714462041855
 220.5	 .326940178871155
 236.5	 .303807854652405
 252.5	 .282742917537689
 284.5	 .243894934654236
 316.5	 .210184887051582
 348.5	 .180972412228584
 380.5	 .156050905585289
 412.5	 .134726375341415
 444.5	 .116256147623062
 476.5	 .100186459720135
 508.5	 8.64072367548943E-02
 572.5	 6.36974722146988E-02
 636.5	 4.75855357944965E-02
 700.5	 3.57288606464863E-02
 764.5	 2.66264975070953E-02
 828.5	 1.93567667156458E-02
 892.5	 1.37928612530231E-02
 956.5	 9.30106081068516E-03
 1020.5	 6.31373189389706E-03
 1148.5	 2.61502852663398E-03
 1276.5	 1.04224029928446E-03
 1404.5	 0
 1532.5	 0
 1660.5	 0
 1788.5	 4.42589487647638E-04
 1916.5	 3.40342114213854E-04
 2044.5	 6.31853879895061E-04
 2300.5	 0
 2556.5	 0
 2812.5	 4.48355640401132E-05
 3068.5	 1.22579652816057E-03
 3324.5	 1.34663458447903E-03
 3580.5	 5.34948834683746E-04
 3836.5	 0
 4092.5	 0
 4604.5	 9.03812993783504E-04
 5116.5	 0
 5628.5	 0
 6140.5	 0
 6652.5	 3.4866642090492E-04
 7164.5	 0
 7676.5	 2.42389109916985E-03
 8188.5	 2.78604193590581E-03
 9212.5	 0
 10236.5	 0
 11260.5	 7.62978917919099E-04
 12284.5	 0
 13308.5	 4.99332731124014E-04
 14332.5	 3.34276538342237E-03
 15356.5	 1.4997482066974E-03
 16380.5	 1.64063239935786E-03
 18428.5	 0
 20476.5	 0
 22524.5	 8.62710818182677E-04
 24572.5	 4.6406130422838E-04
 26620.5	 0
 28668.5	 0
 30716.5	 1.64945085998625E-03
 32764.5	 2.08918820135295E-03
 36860.5	 0
 40956.5	 0
 45052.5	 6.10148126725107E-04
 49148.5	 0
 53244.5	 0
 57340.5	 0
 61436.5	 0
 65532.5	 0
 73724.5	 0
 81916.5	 0
 90108.5	 0
 98300.5	 1.22109870426357E-03
 106492.5	 7.30739266145974E-04
 114684.5	 0
 122876.5	 0
 131068.5	 0
 147452.5	 0
 163836.5	 0
 180220.5	 0
 196604.5	 0
 212988.5	 0
 229372.5	 1.14054972073063E-04
 245756.5	 0
 262140.5	 0
 294908.5	 4.83609066577628E-04
 327676.5	 0
 360444.5	 8.67040187586099E-04
 393212.5	 4.94386949867476E-06
 425980.5	 0
 458748.5	 4.62292140582576E-04
 491516.5	 0
 524284.5	 0
 589820.5	 2.388434659224E-04
 655356.5	 0
 720892.5	 0
 786428.5	 0
 851964.5	 2.72457981509433E-07
 917500.5	 0
 983036.5	 8.73380031407578E-06
 1048572.5	 0
 1179644.5	 0
 1310716.5	 0
 1441788.5	 0
 1572860.5	 0
 1703932.5	 0
 1835004.5	 0
 1966076.5	 0
 2097148.5	 0
 2359292.5	 0
 2621436.5	 0
 2883580.5	 0
 3145724.5	 0
 3407868.5	 0
 3670012.5	 0
 3932156.5	 0
 4194300.5	 0
 4718588.5	 0
 5242876.5	 2.05108139198273E-04
 5767164.5	 7.07658706232905E-04
 6291452.5	 2.55324906902388E-04
 6815740.5	 0
 7340028.5	 2.28074146434665E-04
 7864316.5	 0
 8388604.5	 0
 9437180	 0
 10485756	 0
 11534332	 0
 12582908	 0
 13631484	 0
 14680060	 0
 15728636	 0
 16777212	 0
 18874364	 0
 20971516	 0
 23068668	 0
 25165820	 0
 27262972	 0
 29360124	 0
 31457276	 0
 33554428	 0
 37748732	 0
 41943036	 0
 46137340	 0
 50331644	 0
 54525948	 0
 58720252	 0
 62914556	 0
